Hugo_Symbol	Amp	Del	total	AlteredSamples
MIR3916	536	0	536	268
OC90	462	0	462	231
SHPK	0	452	452	226
ABCG2	0	344	344	178
AFF1	0	344	344	178
ATOH1	0	344	344	178
CCSER1	0	344	344	178
DMP1	0	344	344	178
DSPP	0	344	344	178
FAM13A	0	344	344	178
GPRIN3	0	344	344	178
GRID2	0	344	344	178
HERC3	0	344	344	178
HERC5	0	344	344	178
HERC6	0	344	344	178
HPGDS	0	344	344	178
HSD17B11	0	344	344	178
HSD17B13	0	344	344	178
IBSP	0	344	344	178
KLHL8	0	344	344	178
MEPE	0	344	344	178
MIR5705	0	344	344	178
MMRN1	0	344	344	178
NAP1L5	0	344	344	178
NUDT9	0	344	344	178
PIGY	0	344	344	178
PKD2	0	344	344	178
PPM1K	0	344	344	178
PYURF	0	344	344	178
RN7SKP244	0	344	344	178
RN7SKP248	0	344	344	178
RN7SL681P	0	344	344	178
RNA5SP164	0	344	344	178
RNU6ATAC31P	0	344	344	178
SMARCAD1	0	344	344	178
SNCA	0	344	344	178
SPARCL1	0	344	344	178
SPP1	0	344	344	178
TIGD2	0	344	344	178
FAM47E	0	342	342	171
UGT2A1	0	342	342	171
CTSS	271	0	271	271
GOLPH3L	271	0	271	271
HORMAD1	271	0	271	271
ABCB10	268	0	268	268
ACTA1	268	0	268	268
ACTN2	268	0	268	268
ADSS	268	0	268	268
AGT	268	0	268	268
AHCTF1	268	0	268	268
AKT3	268	0	268	268
ARID4B	268	0	268	268
ARV1	268	0	268	268
B3GALNT2	268	0	268	268
C1orf100	268	0	268	268
C1orf101	268	0	268	268
C1orf131	268	0	268	268
C1orf198	268	0	268	268
C1orf229	268	0	268	268
CAPN9	268	0	268	268
CCSAP	268	0	268	268
CEP170	268	0	268	268
CHML	268	0	268	268
CHRM3	268	0	268	268
CNST	268	0	268	268
COA6	268	0	268	268
COG2	268	0	268	268
COX20	268	0	268	268
DESI2	268	0	268	268
DISC1	268	0	268	268
EDARADD	268	0	268	268
EFCAB2	268	0	268	268
EGLN1	268	0	268	268
ERO1LB	268	0	268	268
EXO1	268	0	268	268
EXOC8	268	0	268	268
FAM89A	268	0	268	268
FH	268	0	268	268
FMN2	268	0	268	268
GALNT2	268	0	268	268
GCSAML	268	0	268	268
GGPS1	268	0	268	268
GNG4	268	0	268	268
GNPAT	268	0	268	268
GPR137B	268	0	268	268
GREM2	268	0	268	268
HEATR1	268	0	268	268
HNRNPU	268	0	268	268
IRF2BP2	268	0	268	268
KCNK1	268	0	268	268
KIF26B	268	0	268	268
KMO	268	0	268	268
LGALS8	268	0	268	268
LINC00184	268	0	268	268
LINC00582	268	0	268	268
LYPD8	268	0	268	268
LYST	268	0	268	268
MAP10	268	0	268	268
MAP1LC3C	268	0	268	268
MIR1182	268	0	268	268
MIR1537	268	0	268	268
MIR3123	268	0	268	268
MIR3124	268	0	268	268
MIR4427	268	0	268	268
MIR4428	268	0	268	268
MIR4671	268	0	268	268
MIR4677	268	0	268	268
MIR4753	268	0	268	268
MLK4	268	0	268	268
MT1HL1	268	0	268	268
MTR	268	0	268	268
MTRNR2L11	268	0	268	268
NID1	268	0	268	268
NLRP3	268	0	268	268
NTPCR	268	0	268	268
NUP133	268	0	268	268
OPN3	268	0	268	268
OR11L1	268	0	268	268
OR13G1	268	0	268	268
OR14A16	268	0	268	268
OR14A2	268	0	268	268
OR14C36	268	0	268	268
OR14I1	268	0	268	268
OR14K1	268	0	268	268
OR1C1	268	0	268	268
OR2AJ1	268	0	268	268
OR2AK2	268	0	268	268
OR2B11	268	0	268	268
OR2C3	268	0	268	268
OR2G2	268	0	268	268
OR2G3	268	0	268	268
OR2G6	268	0	268	268
OR2L13	268	0	268	268
OR2L2	268	0	268	268
OR2L3	268	0	268	268
OR2L5	268	0	268	268
OR2L8	268	0	268	268
OR2M2	268	0	268	268
OR2M3	268	0	268	268
OR2M4	268	0	268	268
OR2M5	268	0	268	268
OR2M7	268	0	268	268
OR2T1	268	0	268	268
OR2T10	268	0	268	268
OR2T11	268	0	268	268
OR2T12	268	0	268	268
OR2T2	268	0	268	268
OR2T27	268	0	268	268
OR2T29	268	0	268	268
OR2T3	268	0	268	268
OR2T33	268	0	268	268
OR2T34	268	0	268	268
OR2T35	268	0	268	268
OR2T4	268	0	268	268
OR2T5	268	0	268	268
OR2T6	268	0	268	268
OR2T7	268	0	268	268
OR2T8	268	0	268	268
OR2W3	268	0	268	268
OR2W5	268	0	268	268
OR6F1	268	0	268	268
PCNXL2	268	0	268	268
PGBD2	268	0	268	268
PGBD5	268	0	268	268
PLD5	268	0	268	268
RAB4A	268	0	268	268
RBM34	268	0	268	268
RGS7	268	0	268	268
RHOU	268	0	268	268
RN7SKP12	268	0	268	268
RN7SKP195	268	0	268	268
RN7SKP276	268	0	268	268
RN7SKP55	268	0	268	268
RN7SL148P	268	0	268	268
RN7SL299P	268	0	268	268
RN7SL467P	268	0	268	268
RN7SL668P	268	0	268	268
RN7SL837P	268	0	268	268
RNA5SP78	268	0	268	268
RNA5SP79	268	0	268	268
RNA5SP80	268	0	268	268
RNA5SP81	268	0	268	268
RNA5SP82	268	0	268	268
RNY4P16	268	0	268	268
RYR2	268	0	268	268
SCCPDH	268	0	268	268
SDCCAG8	268	0	268	268
SH3BP5L	268	0	268	268
SIPA1L2	268	0	268	268
SLC35F3	268	0	268	268
SMYD3	268	0	268	268
SNORA14B	268	0	268	268
SPHAR	268	0	268	268
SPRTN	268	0	268	268
TAF5L	268	0	268	268
TARBP1	268	0	268	268
TBCE	268	0	268	268
TFB2M	268	0	268	268
TMEM78	268	0	268	268
TOMM20	268	0	268	268
TRAX	268	0	268	268
TRIM58	268	0	268	268
TRIM67	268	0	268	268
TSNAX	268	0	268	268
TTC13	268	0	268	268
URB2	268	0	268	268
WDR64	268	0	268	268
ZBTB18	268	0	268	268
ZNF124	268	0	268	268
ZNF496	268	0	268	268
ZNF669	268	0	268	268
ZNF670	268	0	268	268
ZNF672	268	0	268	268
ZNF692	268	0	268	268
ZNF695	268	0	268	268
ZP4	268	0	268	268
CRIP1	0	266	266	133
RN7SL872P	0	247	247	247
RNA5SP251	0	247	247	247
NRG1	0	242	242	242
RNA5SP261	0	242	242	242
RNA5SP262	0	242	242	242
RNA5SP263	0	242	242	242
LCN6	0	238	238	119
AARD	231	0	231	231
ADCY8	231	0	231	231
ANXA13	231	0	231	231
ASAP1	231	0	231	231
ATAD2	231	0	231	231
C8orf76	231	0	231	231
CASC8	231	0	231	231
CCAT1	231	0	231	231
CCDC26	231	0	231	231
COL14A1	231	0	231	231
COL22A1	231	0	231	231
COLEC10	231	0	231	231
CSMD3	231	0	231	231
DEPTOR	231	0	231	231
DERL1	231	0	231	231
DSCC1	231	0	231	231
EFR3A	231	0	231	231
EIF3H	231	0	231	231
ENPP2	231	0	231	231
EXT1	231	0	231	231
FAM135B	231	0	231	231
FAM49B	231	0	231	231
FAM83A	231	0	231	231
FAM84B	231	0	231	231
FAM91A1	231	0	231	231
FBXO32	231	0	231	231
FER1L6	231	0	231	231
GSDMC	231	0	231	231
HAS2	231	0	231	231
HHLA1	231	0	231	231
HPYR1	231	0	231	231
KCNQ3	231	0	231	231
KHDRBS3	231	0	231	231
KIAA0196	231	0	231	231
KLHL38	231	0	231	231
LINC00536	231	0	231	231
LINC00861	231	0	231	231
LINC00964	231	0	231	231
LINC00977	231	0	231	231
LRRC6	231	0	231	231
MAL2	231	0	231	231
MED30	231	0	231	231
MIR1205	231	0	231	231
MIR1207	231	0	231	231
MIR1208	231	0	231	231
MIR2053	231	0	231	231
MIR30B	231	0	231	231
MIR30D	231	0	231	231
MIR3610	231	0	231	231
MIR3686	231	0	231	231
MIR4662B	231	0	231	231
MIR4663	231	0	231	231
MIR5194	231	0	231	231
MIR548AA1	231	0	231	231
MRPL13	231	0	231	231
MTBP	231	0	231	231
MTSS1	231	0	231	231
MYC	231	0	231	231
NDRG1	231	0	231	231
NDUFB9	231	0	231	231
NOV	231	0	231	231
NSMCE2	231	0	231	231
PCAT1	231	0	231	231
PCAT2	231	0	231	231
PHF20L1	231	0	231	231
POU5F1B	231	0	231	231
PVT1	231	0	231	231
RAD21	231	0	231	231
RN7SKP153	231	0	231	231
RN7SKP155	231	0	231	231
RN7SKP206	231	0	231	231
RN7SKP226	231	0	231	231
RN7SL228P	231	0	231	231
RN7SL329P	231	0	231	231
RN7SL396P	231	0	231	231
RN7SL590P	231	0	231	231
RN7SL826P	231	0	231	231
RNA5SP276	231	0	231	231
RNA5SP277	231	0	231	231
RNF139	231	0	231	231
RNY4P5	231	0	231	231
SAMD12	231	0	231	231
SLA	231	0	231	231
SLC30A8	231	0	231	231
SNTB1	231	0	231	231
SQLE	231	0	231	231
ST3GAL1	231	0	231	231
TAF2	231	0	231	231
TATDN1	231	0	231	231
TBC1D31	231	0	231	231
TG	231	0	231	231
TMEM65	231	0	231	231
TMEM71	231	0	231	231
TMEM75	231	0	231	231
TNFRSF11B	231	0	231	231
TRIB1	231	0	231	231
TRMT12	231	0	231	231
TRPS1	231	0	231	231
UTP23	231	0	231	231
WDYHV1	231	0	231	231
WISP1	231	0	231	231
ZFAT	231	0	231	231
ZHX1	231	0	231	231
ZHX2	231	0	231	231
ZNF572	231	0	231	231
ABR	0	226	226	226
ACADVL	0	226	226	226
ACAP1	0	226	226	226
ACKR6	0	226	226	226
AIPL1	0	226	226	226
ALOX12	0	226	226	226
ALOX12B	0	226	226	226
ALOX12P2	0	226	226	226
ALOX15	0	226	226	226
ALOX15B	0	226	226	226
ALOXE3	0	226	226	226
ANKFY1	0	226	226	226
ARHGEF15	0	226	226	226
ARRB2	0	226	226	226
ASGR1	0	226	226	226
ASGR2	0	226	226	226
ASPA	0	226	226	226
ATP1B2	0	226	226	226
ATP2A3	0	226	226	226
AURKB	0	226	226	226
BCL6B	0	226	226	226
BHLHA9	0	226	226	226
C17orf100	0	226	226	226
C17orf107	0	226	226	226
C17orf49	0	226	226	226
C17orf59	0	226	226	226
C17orf74	0	226	226	226
C17orf85	0	226	226	226
C17orf97	0	226	226	226
C1QBP	0	226	226	226
CAMKK1	0	226	226	226
CAMTA2	0	226	226	226
CCDC42	0	226	226	226
CD68	0	226	226	226
CHD3	0	226	226	226
CHRNB1	0	226	226	226
CHRNE	0	226	226	226
CLDN7	0	226	226	226
CLEC10A	0	226	226	226
CLUH	0	226	226	226
CNTROB	0	226	226	226
CRK	0	226	226	226
CTC1	0	226	226	226
CTDNEP1	0	226	226	226
CTNS	0	226	226	226
CXCL16	0	226	226	226
CYB5D1	0	226	226	226
CYB5D2	0	226	226	226
DBIL5P	0	226	226	226
DERL2	0	226	226	226
DHRS7C	0	226	226	226
DHX33	0	226	226	226
DLG4	0	226	226	226
DNAH2	0	226	226	226
DOC2B	0	226	226	226
DPH1	0	226	226	226
DVL2	0	226	226	226
EFNB3	0	226	226	226
EIF4A1	0	226	226	226
EIF5A	0	226	226	226
ELP5	0	226	226	226
EMC6	0	226	226	226
ENO3	0	226	226	226
FAM101B	0	226	226	226
FAM57A	0	226	226	226
FAM64A	0	226	226	226
FBXO39	0	226	226	226
FGF11	0	226	226	226
FXR2	0	226	226	226
GABARAP	0	226	226	226
GAS7	0	226	226	226
GEMIN4	0	226	226	226
GGT6	0	226	226	226
GLOD4	0	226	226	226
GLP2R	0	226	226	226
GLTPD2	0	226	226	226
GP1BA	0	226	226	226
GPS2	0	226	226	226
GSG2	0	226	226	226
GUCY2D	0	226	226	226
HES7	0	226	226	226
HIC1	0	226	226	226
INCA1	0	226	226	226
INPP5K	0	226	226	226
ITGAE	0	226	226	226
KCNAB3	0	226	226	226
KCTD11	0	226	226	226
KDM6B	0	226	226	226
KIAA0753	0	226	226	226
KIF1C	0	226	226	226
KRBA2	0	226	226	226
LINC00324	0	226	226	226
LSMD1	0	226	226	226
MED11	0	226	226	226
MED31	0	226	226	226
METTL16	0	226	226	226
MFSD6L	0	226	226	226
MINK1	0	226	226	226
MIR1253	0	226	226	226
MIR132	0	226	226	226
MIR212	0	226	226	226
MIR22HG	0	226	226	226
MIR3183	0	226	226	226
MIR324	0	226	226	226
MIR3676	0	226	226	226
MIR4314	0	226	226	226
MIR4520B	0	226	226	226
MIR497HG	0	226	226	226
MIS12	0	226	226	226
MNT	0	226	226	226
MPDU1	0	226	226	226
MYBBP1A	0	226	226	226
MYH10	0	226	226	226
MYH13	0	226	226	226
MYH8	0	226	226	226
MYO1C	0	226	226	226
NDEL1	0	226	226	226
NEURL4	0	226	226	226
NLGN2	0	226	226	226
NLRP1	0	226	226	226
NTN1	0	226	226	226
NUP88	0	226	226	226
NXN	0	226	226	226
ODF4	0	226	226	226
OR1A1	0	226	226	226
OR1A2	0	226	226	226
OR1D2	0	226	226	226
OR1D4	0	226	226	226
OR1D5	0	226	226	226
OR1E1	0	226	226	226
OR1E2	0	226	226	226
OR1G1	0	226	226	226
OR3A1	0	226	226	226
OR3A2	0	226	226	226
OR3A3	0	226	226	226
OR3A4P	0	226	226	226
OVCA2	0	226	226	226
P2RX1	0	226	226	226
P2RX5	0	226	226	226
PAFAH1B1	0	226	226	226
PELP1	0	226	226	226
PER1	0	226	226	226
PFAS	0	226	226	226
PFN1	0	226	226	226
PHF23	0	226	226	226
PIK3R5	0	226	226	226
PIK3R6	0	226	226	226
PITPNA	0	226	226	226
PLD2	0	226	226	226
PLSCR3	0	226	226	226
POLR2A	0	226	226	226
PRPF8	0	226	226	226
PSMB6	0	226	226	226
RABEP1	0	226	226	226
RANGRF	0	226	226	226
RAP1GAP2	0	226	226	226
RCVRN	0	226	226	226
RILP	0	226	226	226
RN7SL105P	0	226	226	226
RN7SL129P	0	226	226	226
RN7SL171P	0	226	226	226
RN7SL33P	0	226	226	226
RN7SL605P	0	226	226	226
RN7SL608P	0	226	226	226
RN7SL624P	0	226	226	226
RN7SL774P	0	226	226	226
RN7SL784P	0	226	226	226
RNA5SP434	0	226	226	226
RNA5SP435	0	226	226	226
RNASEK	0	226	226	226
RNF167	0	226	226	226
RNF222	0	226	226	226
RNMTL1	0	226	226	226
RPA1	0	226	226	226
RPAIN	0	226	226	226
RPH3AL	0	226	226	226
RPL26	0	226	226	226
RPL29P2	0	226	226	226
RTN4RL1	0	226	226	226
SAT2	0	226	226	226
SCARF1	0	226	226	226
SCIMP	0	226	226	226
SENP3	0	226	226	226
SERPINF1	0	226	226	226
SERPINF2	0	226	226	226
SGSM2	0	226	226	226
SHBG	0	226	226	226
SLC13A5	0	226	226	226
SLC16A11	0	226	226	226
SLC16A13	0	226	226	226
SLC25A11	0	226	226	226
SLC25A35	0	226	226	226
SLC2A4	0	226	226	226
SLC35G6	0	226	226	226
SLC43A2	0	226	226	226
SLC52A1	0	226	226	226
SMG6	0	226	226	226
SMTNL2	0	226	226	226
SMYD4	0	226	226	226
SNORD10	0	226	226	226
SNORD118	0	226	226	226
SNORD91A	0	226	226	226
SNORD91B	0	226	226	226
SOX15	0	226	226	226
SPAG7	0	226	226	226
SPATA22	0	226	226	226
SPDYE4	0	226	226	226
SPEM1	0	226	226	226
SPNS2	0	226	226	226
SPNS3	0	226	226	226
SRR	0	226	226	226
STX8	0	226	226	226
TAX1BP3	0	226	226	226
TEKT1	0	226	226	226
TIMM22	0	226	226	226
TLCD2	0	226	226	226
TM4SF5	0	226	226	226
TMEM102	0	226	226	226
TMEM107	0	226	226	226
TMEM256	0	226	226	226
TMEM88	0	226	226	226
TMEM95	0	226	226	226
TNFSF12	0	226	226	226
TNFSF13	0	226	226	226
TNK1	0	226	226	226
TP53	0	226	226	226
TRAPPC1	0	226	226	226
TRPV1	0	226	226	226
TRPV3	0	226	226	226
TSR1	0	226	226	226
TUSC5	0	226	226	226
TXNDC17	0	226	226	226
UBE2G1	0	226	226	226
USP43	0	226	226	226
USP6	0	226	226	226
VAMP2	0	226	226	226
VMO1	0	226	226	226
VPS53	0	226	226	226
WDR16	0	226	226	226
WDR81	0	226	226	226
WRAP53	0	226	226	226
WSCD1	0	226	226	226
XAF1	0	226	226	226
YBX2	0	226	226	226
YWHAE	0	226	226	226
ZBTB4	0	226	226	226
ZFP3	0	226	226	226
ZMYND15	0	226	226	226
ZNF232	0	226	226	226
ZNF594	0	226	226	226
ZZEF1	0	226	226	226
MIR1288	0	195	195	195
NCOR1	0	195	195	195
RN7SL442P	0	195	195	195
IER3IP1	0	188	188	94
ALG9	0	186	186	93
MFRP	0	186	186	93
SDHD	0	186	186	93
LPAR6	0	179	179	179
RB1	0	179	179	179
UQCR11	0	174	174	87
ADH1A	0	173	173	173
ADH1B	0	173	173	173
ADH1C	0	173	173	173
ADH4	0	173	173	173
ADH5	0	173	173	173
ADH6	0	173	173	173
ADH7	0	173	173	173
AIMP1	0	173	173	173
ALPK1	0	173	173	173
ANK2	0	173	173	173
AP1AR	0	173	173	173
ARHGEF38	0	173	173	173
ARSJ	0	173	173	173
BANK1	0	173	173	173
BDH2	0	173	173	173
BMPR1B	0	173	173	173
C4orf17	0	173	173	173
C4orf21	0	173	173	173
C4orf32	0	173	173	173
CAMK2D	0	173	173	173
CASP6	0	173	173	173
CCDC109B	0	173	173	173
CENPE	0	173	173	173
CFI	0	173	173	173
CISD2	0	173	173	173
COL25A1	0	173	173	173
CXXC4	0	173	173	173
CYP2U1	0	173	173	173
DAPP1	0	173	173	173
DDIT4L	0	173	173	173
DKK2	0	173	173	173
DNAJB14	0	173	173	173
EGF	0	173	173	173
EIF4E	0	173	173	173
ELOVL6	0	173	173	173
EMCN	0	173	173	173
ENPEP	0	173	173	173
ETNPPL	0	173	173	173
GAR1	0	173	173	173
GIMD1	0	173	173	173
GSTCD	0	173	173	173
H2AFZ	0	173	173	173
HADH	0	173	173	173
INTS12	0	173	173	173
LAMTOR3	0	173	173	173
LARP7	0	173	173	173
LEF1	0	173	173	173
LRIT3	0	173	173	173
MANBA	0	173	173	173
METAP1	0	173	173	173
MIR1255A	0	173	173	173
MIR297	0	173	173	173
MIR302A	0	173	173	173
MIR302B	0	173	173	173
MIR302C	0	173	173	173
MIR302D	0	173	173	173
MIR367	0	173	173	173
MIR3684	0	173	173	173
MIR576	0	173	173	173
MTTP	0	173	173	173
NEUROG2	0	173	173	173
NFKB1	0	173	173	173
NPNT	0	173	173	173
OSTC	0	173	173	173
PAPSS1	0	173	173	173
PCNAP1	0	173	173	173
PDHA2	0	173	173	173
PDLIM5	0	173	173	173
PITX2	0	173	173	173
PLA2G12A	0	173	173	173
PPA2	0	173	173	173
PPP3CA	0	173	173	173
RAP1GDS1	0	173	173	173
RN7SKP28	0	173	173	173
RN7SL184P	0	173	173	173
RN7SL275P	0	173	173	173
RN7SL55P	0	173	173	173
RN7SL728P	0	173	173	173
RN7SL89P	0	173	173	173
RPL34	0	173	173	173
RRH	0	173	173	173
SEC24B	0	173	173	173
SGMS2	0	173	173	173
SLC39A8	0	173	173	173
SLC9B1	0	173	173	173
SLC9B2	0	173	173	173
STPG2	0	173	173	173
TACR3	0	173	173	173
TBCK	0	173	173	173
TET2	0	173	173	173
TIFA	0	173	173	173
TRMT10A	0	173	173	173
TSPAN5	0	173	173	173
UBE2D3	0	173	173	173
UNC5C	0	173	173	173
CASP3	0	172	172	172
CCDC111	0	172	172	172
IRF2	0	172	172	172
MLF1IP	0	172	172	172
SNORD79	0	172	172	172
ADAMTS3	0	171	171	171
AFM	0	171	171	171
AFP	0	171	171	171
AGPAT9	0	171	171	171
ALB	0	171	171	171
AMBN	0	171	171	171
AMTN	0	171	171	171
ANKRD17	0	171	171	171
ANTXR2	0	171	171	171
ANXA3	0	171	171	171
AREG	0	171	171	171
AREGB	0	171	171	171
ARHGAP24	0	171	171	171
ART3	0	171	171	171
BMP2K	0	171	171	171
BMP3	0	171	171	171
BTC	0	171	171	171
C4orf22	0	171	171	171
C4orf26	0	171	171	171
C4orf36	0	171	171	171
C4orf40	0	171	171	171
CABS1	0	171	171	171
CCDC158	0	171	171	171
CCNG2	0	171	171	171
CCNI	0	171	171	171
CDKL2	0	171	171	171
CDS1	0	171	171	171
CENPC	0	171	171	171
CNOT6L	0	171	171	171
COPS4	0	171	171	171
COQ2	0	171	171	171
COX18	0	171	171	171
CSN1S1	0	171	171	171
CSN1S2AP	0	171	171	171
CSN2	0	171	171	171
CSN3	0	171	171	171
CXCL1	0	171	171	171
CXCL10	0	171	171	171
CXCL11	0	171	171	171
CXCL13	0	171	171	171
CXCL2	0	171	171	171
CXCL3	0	171	171	171
CXCL5	0	171	171	171
CXCL6	0	171	171	171
CXCL9	0	171	171	171
DCK	0	171	171	171
ENAM	0	171	171	171
ENOPH1	0	171	171	171
EPGN	0	171	171	171
EREG	0	171	171	171
FAM175A	0	171	171	171
FDCSP	0	171	171	171
FGF5	0	171	171	171
FRAS1	0	171	171	171
FTLP10	0	171	171	171
G3BP2	0	171	171	171
GC	0	171	171	171
GK2	0	171	171	171
GNRHR	0	171	171	171
GRSF1	0	171	171	171
HELQ	0	171	171	171
HNRNPD	0	171	171	171
HNRNPDL	0	171	171	171
HPSE	0	171	171	171
HTN1	0	171	171	171
HTN3	0	171	171	171
IGJ	0	171	171	171
IL8	0	171	171	171
LIN54	0	171	171	171
LINC00575	0	171	171	171
LINC00989	0	171	171	171
MAPK10	0	171	171	171
MIR1269A	0	171	171	171
MIR4450	0	171	171	171
MIR4451	0	171	171	171
MIR4452	0	171	171	171
MIR5096	0	171	171	171
MIR548AH	0	171	171	171
MIR575	0	171	171	171
MOB1B	0	171	171	171
MRPL1	0	171	171	171
MRPS18C	0	171	171	171
MTHFD2L	0	171	171	171
MUC7	0	171	171	171
NAA11	0	171	171	171
NAAA	0	171	171	171
NPFFR2	0	171	171	171
NUP54	0	171	171	171
ODAM	0	171	171	171
OR7E94P	0	171	171	171
PAQR3	0	171	171	171
PARM1	0	171	171	171
PCAT4	0	171	171	171
PF4	0	171	171	171
PF4V1	0	171	171	171
PLAC8	0	171	171	171
PPBP	0	171	171	171
PPBPP2	0	171	171	171
PPEF2	0	171	171	171
PRDM8	0	171	171	171
PRKG2	0	171	171	171
PROL1	0	171	171	171
PTPN13	0	171	171	171
RASGEF1B	0	171	171	171
RASSF6	0	171	171	171
RCHY1	0	171	171	171
RN7SKP48	0	171	171	171
RN7SKP96	0	171	171	171
RN7SL127P	0	171	171	171
RN7SL218P	0	171	171	171
RN7SL552P	0	171	171	171
RNA5SP163	0	171	171	171
RNU4ATAC9P	0	171	171	171
RNU6ATAC5P	0	171	171	171
RUFY3	0	171	171	171
SCARB2	0	171	171	171
SCD5	0	171	171	171
SDAD1	0	171	171	171
SEC31A	0	171	171	171
SEPT11	0	171	171	171
SHROOM3	0	171	171	171
SLC10A6	0	171	171	171
SLC4A4	0	171	171	171
SMR3A	0	171	171	171
SMR3B	0	171	171	171
SOWAHB	0	171	171	171
STAP1	0	171	171	171
STATH	0	171	171	171
SULT1B1	0	171	171	171
SULT1E1	0	171	171	171
THAP6	0	171	171	171
THAP9	0	171	171	171
TMEM150C	0	171	171	171
TMPRSS11A	0	171	171	171
TMPRSS11B	0	171	171	171
TMPRSS11BNL	0	171	171	171
TMPRSS11D	0	171	171	171
TMPRSS11E	0	171	171	171
TMPRSS11F	0	171	171	171
TMPRSS11GP	0	171	171	171
UBA6	0	171	171	171
UGT2A2	0	171	171	171
UGT2A3	0	171	171	171
UGT2B10	0	171	171	171
UGT2B11	0	171	171	171
UGT2B15	0	171	171	171
UGT2B17	0	171	171	171
UGT2B28	0	171	171	171
UGT2B4	0	171	171	171
UGT2B7	0	171	171	171
USO1	0	171	171	171
UTP3	0	171	171	171
WDFY3	0	171	171	171
YTHDC1	0	171	171	171
MIR4635	163	0	163	163
NKD2	163	0	163	163
SLC12A7	163	0	163	163
SLC6A18	163	0	163	163
SLC6A19	163	0	163	163
TERT	163	0	163	163
ACAP3	0	162	162	162
ACOT7	0	162	162	162
ACTRT2	0	162	162	162
AGRN	0	162	162	162
AJAP1	0	162	162	162
ANKRD65	0	162	162	162
ARHGEF16	0	162	162	162
ATAD3A	0	162	162	162
ATAD3B	0	162	162	162
ATAD3C	0	162	162	162
AURKAIP1	0	162	162	162
B3GALT6	0	162	162	162
C1orf159	0	162	162	162
C1orf170	0	162	162	162
C1orf174	0	162	162	162
C1orf222	0	162	162	162
C1orf233	0	162	162	162
C1orf86	0	162	162	162
CALML6	0	162	162	162
CCDC27	0	162	162	162
CCNL2	0	162	162	162
CDK11A	0	162	162	162
CDK11B	0	162	162	162
CEP104	0	162	162	162
CHD5	0	162	162	162
CPSF3L	0	162	162	162
DDX11L1	0	162	162	162
DFFB	0	162	162	162
DNAJC11	0	162	162	162
DVL1	0	162	162	162
ESPN	0	162	162	162
FAM132A	0	162	162	162
FAM138A	0	162	162	162
FAM213B	0	162	162	162
FAM41C	0	162	162	162
FAM87B	0	162	162	162
GABRD	0	162	162	162
GLTPD1	0	162	162	162
GNB1	0	162	162	162
GPR153	0	162	162	162
HES2	0	162	162	162
HES3	0	162	162	162
HES4	0	162	162	162
HES5	0	162	162	162
ICMT	0	162	162	162
ISG15	0	162	162	162
KCNAB2	0	162	162	162
KLHL17	0	162	162	162
KLHL21	0	162	162	162
LINC00115	0	162	162	162
LINC00337	0	162	162	162
LINC00982	0	162	162	162
LRRC47	0	162	162	162
MEGF6	0	162	162	162
MIB2	0	162	162	162
MIR200A	0	162	162	162
MIR200B	0	162	162	162
MIR4252	0	162	162	162
MIR429	0	162	162	162
MIR4417	0	162	162	162
MIR4689	0	162	162	162
MIR551A	0	162	162	162
MMEL1	0	162	162	162
MMP23B	0	162	162	162
MORN1	0	162	162	162
MRPL20	0	162	162	162
MXRA8	0	162	162	162
NADK	0	162	162	162
NOC2L	0	162	162	162
NOL9	0	162	162	162
NPHP4	0	162	162	162
OR4F16	0	162	162	162
OR4F29	0	162	162	162
OR4F5	0	162	162	162
PANK4	0	162	162	162
PEX10	0	162	162	162
PHF13	0	162	162	162
PIH1	0	162	162	162
PLCH2	0	162	162	162
PLEKHG5	0	162	162	162
PLEKHN1	0	162	162	162
PRDM16	0	162	162	162
PRKCZ	0	162	162	162
PUSL1	0	162	162	162
RER1	0	162	162	162
RN7SL574P	0	162	162	162
RN7SL657P	0	162	162	162
RNA5SP431	0	162	162	162
RNF207	0	162	162	162
RNF223	0	162	162	162
RPL22	0	162	162	162
SAMD11	0	162	162	162
SCNN1D	0	162	162	162
SDF4	0	162	162	162
SKI	0	162	162	162
SLC35E2	0	162	162	162
SLC35E2B	0	162	162	162
SMIM1	0	162	162	162
SSU72	0	162	162	162
TAS1R1	0	162	162	162
TAS1R3	0	162	162	162
THAP3	0	162	162	162
TMEM240	0	162	162	162
TMEM52	0	162	162	162
TMEM88B	0	162	162	162
TNFRSF14	0	162	162	162
TNFRSF18	0	162	162	162
TNFRSF25	0	162	162	162
TNFRSF4	0	162	162	162
TP73	0	162	162	162
TPRG1L	0	162	162	162
TTC34	0	162	162	162
TTLL10	0	162	162	162
UBE2J2	0	162	162	162
VWA1	0	162	162	162
WRAP73	0	162	162	162
WWOX	0	162	162	162
ZBTB48	0	162	162	162
ADTRP	159	0	159	159
BLOC1S5	159	0	159	159
BMP6	159	0	159	159
BPHL	159	0	159	159
C6ORF50	159	0	159	159
C6orf195	159	0	159	159
C6orf201	159	0	159	159
C6orf52	159	0	159	159
CAGE1	159	0	159	159
CD83	159	0	159	159
CDYL	159	0	159	159
DSP	159	0	159	159
DUSP22	159	0	159	159
ECI2	159	0	159	159
EDN1	159	0	159	159
EEF1E1	159	0	159	159
ELOVL2	159	0	159	159
EXOC2	159	0	159	159
F13A1	159	0	159	159
FAM217A	159	0	159	159
FAM50B	159	0	159	159
FARS2	159	0	159	159
FOXC1	159	0	159	159
FOXF2	159	0	159	159
FOXQ1	159	0	159	159
GCM2	159	0	159	159
GCNT2	159	0	159	159
GCNT6	159	0	159	159
GFOD1	159	0	159	159
GMDS	159	0	159	159
HIVEP1	159	0	159	159
HULC	159	0	159	159
HUS1B	159	0	159	159
IRF4	159	0	159	159
LINC00518	159	0	159	159
LY86	159	0	159	159
LYRM4	159	0	159	159
MAK	159	0	159	159
MCUR1	159	0	159	159
MIR3691	159	0	159	159
MIR4645	159	0	159	159
MIR5683	159	0	159	159
MIR5689	159	0	159	159
MYLK4	159	0	159	159
NEDD9	159	0	159	159
NOL7	159	0	159	159
NQO2	159	0	159	159
NRN1	159	0	159	159
OFCC1	159	0	159	159
PAK1IP1	159	0	159	159
PHACTR1	159	0	159	159
PPP1R3G	159	0	159	159
PRPF4B	159	0	159	159
PSMG4	159	0	159	159
PXDC1	159	0	159	159
RANBP9	159	0	159	159
RIOK1	159	0	159	159
RIPK1	159	0	159	159
RMRPP2	159	0	159	159
RN7SKP204	159	0	159	159
RN7SKP293	159	0	159	159
RN7SL221P	159	0	159	159
RN7SL352P	159	0	159	159
RN7SL554P	159	0	159	159
RNA5SP201	159	0	159	159
RNA5SP202	159	0	159	159
RNA5SP203	159	0	159	159
RNF182	159	0	159	159
RNU6ATAC21P	159	0	159	159
RPP40	159	0	159	159
RREB1	159	0	159	159
SERPINB1	159	0	159	159
SERPINB6	159	0	159	159
SERPINB9	159	0	159	159
SIRT5	159	0	159	159
SLC22A23	159	0	159	159
SLC35B3	159	0	159	159
SMIM13	159	0	159	159
SNRNP48	159	0	159	159
SSR1	159	0	159	159
SYCP2L	159	0	159	159
TBC1D7	159	0	159	159
TFAP2A	159	0	159	159
TMEM14B	159	0	159	159
TMEM14C	159	0	159	159
TMEM170B	159	0	159	159
TUBB2A	159	0	159	159
TUBB2B	159	0	159	159
TXNDC5	159	0	159	159
WRNIP1	159	0	159	159
VEGFA	158	0	158	158
CAPZA2	120	34	154	150
MET	120	34	154	150
RNA5SP239	120	34	154	150
ST7	120	34	154	150
C9orf53	0	150	150	150
CDKN2A	0	150	150	150
AZI1	145	0	145	145
C17orf89	145	0	145	145
ENTHD2	145	0	145	145
LINC00482	145	0	145	145
MIR4740	145	0	145	145
SLC38A10	145	0	145	145
TMEM105	145	0	145	145
ACTL8	0	142	142	142
AHDC1	0	142	142	142
AIM1L	0	142	142	142
AKR7A2	0	142	142	142
AKR7A3	0	142	142	142
AKR7L	0	142	142	142
ALDH4A1	0	142	142	142
ALPL	0	142	142	142
ARHGEF10L	0	142	142	142
ARID1A	0	142	142	142
ASAP3	0	142	142	142
ATP13A2	0	142	142	142
ATPIF1	0	142	142	142
AUNIP	0	142	142	142
BAI2	0	142	142	142
BSDC1	0	142	142	142
C1QA	0	142	142	142
C1QB	0	142	142	142
C1QC	0	142	142	142
C1orf172	0	142	142	142
C1orf213	0	142	142	142
C1orf234	0	142	142	142
C1orf63	0	142	142	142
CAMK2N1	0	142	142	142
CAPZB	0	142	142	142
CATSPER4	0	142	142	142
CCDC28B	0	142	142	142
CD164L2	0	142	142	142
CD52	0	142	142	142
CDA	0	142	142	142
CDC42	0	142	142	142
CELA3A	0	142	142	142
CELA3B	0	142	142	142
CEP85	0	142	142	142
CLIC4	0	142	142	142
CNKSR1	0	142	142	142
CNR2	0	142	142	142
COL16A1	0	142	142	142
CROCC	0	142	142	142
CROCCP2	0	142	142	142
CROCCP3	0	142	142	142
DCDC2B	0	142	142	142
DDOST	0	142	142	142
DHDDS	0	142	142	142
DNAJC8	0	142	142	142
E2F2	0	142	142	142
ECE1	0	142	142	142
EIF3I	0	142	142	142
EIF4G3	0	142	142	142
EMC1	0	142	142	142
EPB41	0	142	142	142
EPHA8	0	142	142	142
EPHB2	0	142	142	142
ESPNP	0	142	142	142
EXTL1	0	142	142	142
EYA3	0	142	142	142
FABP3	0	142	142	142
FAM110D	0	142	142	142
FAM167B	0	142	142	142
FAM229A	0	142	142	142
FAM43B	0	142	142	142
FAM46B	0	142	142	142
FAM76A	0	142	142	142
FCN3	0	142	142	142
FGR	0	142	142	142
FUCA1	0	142	142	142
GALE	0	142	142	142
GMEB1	0	142	142	142
GPATCH3	0	142	142	142
GPN2	0	142	142	142
GPR3	0	142	142	142
GRHL3	0	142	142	142
HCRTR1	0	142	142	142
HDAC1	0	142	142	142
HMGCL	0	142	142	142
HMGN2	0	142	142	142
HNRNPR	0	142	142	142
HP1BP3	0	142	142	142
HSPG2	0	142	142	142
HTR1D	0	142	142	142
HTR6	0	142	142	142
ID3	0	142	142	142
IFFO2	0	142	142	142
IFI6	0	142	142	142
IFNLR1	0	142	142	142
IGSF21	0	142	142	142
IL22RA1	0	142	142	142
IQCC	0	142	142	142
KDM1A	0	142	142	142
KHDRBS1	0	142	142	142
KIAA1522	0	142	142	142
KIF17	0	142	142	142
KLHDC7A	0	142	142	142
KPNA6	0	142	142	142
LACTBL1	0	142	142	142
LAPTM5	0	142	142	142
LCK	0	142	142	142
LDLRAD2	0	142	142	142
LDLRAP1	0	142	142	142
LIN28A	0	142	142	142
LINC00339	0	142	142	142
LUZP1	0	142	142	142
LYPLA2	0	142	142	142
MAN1C1	0	142	142	142
MAP3K6	0	142	142	142
MARCKSL1	0	142	142	142
MATN1	0	142	142	142
MDS2	0	142	142	142
MECR	0	142	142	142
MED18	0	142	142	142
MFAP2	0	142	142	142
MINOS1	0	142	142	142
MIR1256	0	142	142	142
MIR1290	0	142	142	142
MIR1976	0	142	142	142
MIR3115	0	142	142	142
MIR3675	0	142	142	142
MIR378F	0	142	142	142
MIR3917	0	142	142	142
MIR3972	0	142	142	142
MIR4253	0	142	142	142
MIR4254	0	142	142	142
MIR4418	0	142	142	142
MIR4419A	0	142	142	142
MIR4420	0	142	142	142
MIR4425	0	142	142	142
MIR4684	0	142	142	142
MIR4695	0	142	142	142
MIR5585	0	142	142	142
MRTO4	0	142	142	142
MST1L	0	142	142	142
MTFR1L	0	142	142	142
MTMR9LP	0	142	142	142
MUL1	0	142	142	142
MYOM3	0	142	142	142
NBL1	0	142	142	142
NBPF1	0	142	142	142
NBPF3	0	142	142	142
NCMAP	0	142	142	142
NIPAL3	0	142	142	142
NKAIN1	0	142	142	142
NR0B2	0	142	142	142
NUDC	0	142	142	142
OPRD1	0	142	142	142
OTUD3	0	142	142	142
PADI1	0	142	142	142
PADI2	0	142	142	142
PADI3	0	142	142	142
PADI4	0	142	142	142
PADI6	0	142	142	142
PAFAH2	0	142	142	142
PAQR7	0	142	142	142
PAX7	0	142	142	142
PDIK1L	0	142	142	142
PEF1	0	142	142	142
PHACTR4	0	142	142	142
PIGV	0	142	142	142
PINK1	0	142	142	142
PITHD1	0	142	142	142
PLA2G2A	0	142	142	142
PLA2G2C	0	142	142	142
PLA2G2D	0	142	142	142
PLA2G2E	0	142	142	142
PLA2G2F	0	142	142	142
PLA2G5	0	142	142	142
PNRC2	0	142	142	142
PPP1R8	0	142	142	142
PQLC2	0	142	142	142
PTAFR	0	142	142	142
PTP4A2	0	142	142	142
PTPRU	0	142	142	142
PUM1	0	142	142	142
RAB42	0	142	142	142
RAP1GAP	0	142	142	142
RBBP4	0	142	142	142
RCAN3	0	142	142	142
RCC1	0	142	142	142
RCC2	0	142	142	142
RHCE	0	142	142	142
RHD	0	142	142	142
RN7SKP91	0	142	142	142
RN7SL122P	0	142	142	142
RN7SL165P	0	142	142	142
RN7SL186P	0	142	142	142
RN7SL24P	0	142	142	142
RN7SL277P	0	142	142	142
RN7SL304P	0	142	142	142
RN7SL386P	0	142	142	142
RN7SL421P	0	142	142	142
RN7SL490P	0	142	142	142
RN7SL501P	0	142	142	142
RN7SL532P	0	142	142	142
RN7SL559P	0	142	142	142
RN7SL679P	0	142	142	142
RN7SL768P	0	142	142	142
RN7SL857P	0	142	142	142
RN7SL85P	0	142	142	142
RNF186	0	142	142	142
RNU11	0	142	142	142
RNU6ATAC27P	0	142	142	142
RPA2	0	142	142	142
RPL11	0	142	142	142
RPS6KA1	0	142	142	142
RUNX3	0	142	142	142
SCARNA1	0	142	142	142
SDC3	0	142	142	142
SDHB	0	142	142	142
SEPN1	0	142	142	142
SERINC2	0	142	142	142
SESN2	0	142	142	142
SFN	0	142	142	142
SH2D5	0	142	142	142
SH3BGRL3	0	142	142	142
SLC30A2	0	142	142	142
SLC9A1	0	142	142	142
SMPDL3B	0	142	142	142
SNHG12	0	142	142	142
SNHG3	0	142	142	142
SNORA73B	0	142	142	142
SNORD103A	0	142	142	142
SNORD103B	0	142	142	142
SNORD85	0	142	142	142
SNORD99	0	142	142	142
SNRNP40	0	142	142	142
SPOCD1	0	142	142	142
SRRM1	0	142	142	142
SRSF10	0	142	142	142
SRSF4	0	142	142	142
STMN1	0	142	142	142
STPG1	0	142	142	142
STX12	0	142	142	142
SYF2	0	142	142	142
SYNC	0	142	142	142
SYTL1	0	142	142	142
TAF12	0	142	142	142
TAS1R2	0	142	142	142
TCEA3	0	142	142	142
TCEB3	0	142	142	142
THEMIS2	0	142	142	142
TINAGL1	0	142	142	142
TMCO4	0	142	142	142
TMEM200B	0	142	142	142
TMEM222	0	142	142	142
TMEM234	0	142	142	142
TMEM39B	0	142	142	142
TMEM50A	0	142	142	142
TMEM57	0	142	142	142
TRIM63	0	142	142	142
TRNAU1AP	0	142	142	142
TRNP1	0	142	142	142
TSSK3	0	142	142	142
TXLNA	0	142	142	142
UBR4	0	142	142	142
UBXN10	0	142	142	142
UBXN11	0	142	142	142
USP48	0	142	142	142
VWA5B1	0	142	142	142
WASF2	0	142	142	142
WDTC1	0	142	142	142
WNT4	0	142	142	142
XKR8	0	142	142	142
YARS	0	142	142	142
YTHDF2	0	142	142	142
ZBTB40	0	142	142	142
ZBTB8A	0	142	142	142
ZBTB8B	0	142	142	142
ZBTB8OS	0	142	142	142
ZCCHC17	0	142	142	142
ZDHHC18	0	142	142	142
ZNF436	0	142	142	142
ZNF593	0	142	142	142
ZNF683	0	142	142	142
C6orf120	0	136	136	136
PHF10	0	136	136	136
TCTE3	0	136	136	136
WDR27	0	136	136	136
ADAMTS2	135	0	135	135
RN7SL71P	135	0	135	135
BIVM	134	0	134	75
CCDC168	134	0	134	75
CLYBL	134	0	134	75
DOCK9	134	0	134	75
ERCC5	134	0	134	75
FARP1	134	0	134	75
FGF14	134	0	134	75
GGACT	134	0	134	75
GPR18	134	0	134	75
GPR183	134	0	134	75
IPO5	134	0	134	75
ITGBL1	134	0	134	75
KDELC1	134	0	134	75
LINC00283	134	0	134	75
LINC00411	134	0	134	75
LINC00449	134	0	134	75
LINC00554	134	0	134	75
LINC00555	134	0	134	75
METTL21C	134	0	134	75
METTL21EP	134	0	134	75
MIR2681	134	0	134	75
MIR3170	134	0	134	75
MIR4306	134	0	134	75
MIR4705	134	0	134	75
MIR623	134	0	134	75
NALCN	134	0	134	75
PCCA	134	0	134	75
RN7SKP8	134	0	134	75
RN7SKP9	134	0	134	75
RN7SL60P	134	0	134	75
RNF113B	134	0	134	75
RNY1P2	134	0	134	75
RNY3P6	134	0	134	75
RNY5P8	134	0	134	75
SLC10A2	134	0	134	75
SLC15A1	134	0	134	75
STK24	134	0	134	75
TEX30	134	0	134	75
TM9SF2	134	0	134	75
TMTC4	134	0	134	75
TPP2	134	0	134	75
UBAC2	134	0	134	75
ZIC2	134	0	134	75
ZIC5	134	0	134	75
ADAM6	0	133	133	133
ADAMTS17	54	79	133	132
ADSSL1	0	133	133	133
AHNAK2	0	133	133	133
AK7	0	133	133	133
AKT1	0	133	133	133
ALDH1A3	54	79	133	132
AMN	0	133	133	133
ANKRD9	0	133	133	133
APOPT1	0	133	133	133
ASB7	54	79	133	132
ASPG	0	133	133	133
ATG2B	0	133	133	133
BAG5	0	133	133	133
BCL11B	0	133	133	133
BDKRB1	0	133	133	133
BDKRB2	0	133	133	133
BEGAIN	0	133	133	133
BRF1	0	133	133	133
BTBD6	0	133	133	133
C14orf132	0	133	133	133
C14orf144	0	133	133	133
C14orf177	0	133	133	133
C14orf180	0	133	133	133
C14orf2	0	133	133	133
C14orf64	0	133	133	133
C14orf79	0	133	133	133
C14orf80	0	133	133	133
CCDC85C	0	133	133	133
CCNK	0	133	133	133
CDC42BPB	0	133	133	133
CDCA4	0	133	133	133
CEP170B	0	133	133	133
CERS3	54	79	133	132
CHSY1	54	79	133	132
CINP	0	133	133	133
CKB	0	133	133	133
CLMN	0	133	133	133
CRIP2	0	133	133	133
CYP46A1	0	133	133	133
DDX11L9	54	79	133	132
DEGS2	0	133	133	133
DICER1	0	133	133	133
DIO3	0	133	133	133
DIO3OS	0	133	133	133
DKFZP434O1614	0	133	133	133
DKFZP779J2370	54	79	133	132
DLK1	0	133	133	133
DNM1P46	54	79	133	132
DNM1P47	54	79	133	132
DYNC1H1	0	133	133	133
EIF5	0	133	133	133
EML1	0	133	133	133
EVL	0	133	133	133
EXOC3L4	0	133	133	133
FAM138E	54	79	133	132
GLRX5	0	133	133	133
GPR132	0	133	133	133
GSC	0	133	133	133
GSKIP	0	133	133	133
HHIPL1	0	133	133	133
HSP90AA1	0	133	133	133
IGHA1	0	133	133	133
IGHA2	0	133	133	133
IGHD	0	133	133	133
IGHE	0	133	133	133
IGHG1	0	133	133	133
IGHG2	0	133	133	133
IGHG3	0	133	133	133
IGHG4	0	133	133	133
IGHJ1	0	133	133	133
IGHJ2	0	133	133	133
IGHJ3	0	133	133	133
IGHJ4	0	133	133	133
IGHJ5	0	133	133	133
IGHJ6	0	133	133	133
IGHM	0	133	133	133
INF2	0	133	133	133
JAG2	0	133	133	133
KIAA0125	0	133	133	133
KIF26A	0	133	133	133
KLC1	0	133	133	133
LINC00221	0	133	133	133
LINC00226	0	133	133	133
LINC00341	0	133	133	133
LINC00523	0	133	133	133
LINC00524	0	133	133	133
LINC00605	0	133	133	133
LINC00617	0	133	133	133
LINC00618	0	133	133	133
LINC00637	0	133	133	133
LINC00638	0	133	133	133
LINC00677	0	133	133	133
LINS	54	79	133	132
LRRK1	54	79	133	132
LYSMD4	54	79	133	132
MARK3	0	133	133	133
MEF2A	54	79	133	132
MEG3	0	133	133	133
MEG8	0	133	133	133
MEG9	0	133	133	133
MIR1193	0	133	133	133
MIR1197	0	133	133	133
MIR127	0	133	133	133
MIR134	0	133	133	133
MIR136	0	133	133	133
MIR151B	0	133	133	133
MIR154	0	133	133	133
MIR203	0	133	133	133
MIR2392	0	133	133	133
MIR299	0	133	133	133
MIR300	0	133	133	133
MIR3173	0	133	133	133
MIR323A	0	133	133	133
MIR323B	0	133	133	133
MIR337	0	133	133	133
MIR342	0	133	133	133
MIR345	0	133	133	133
MIR369	0	133	133	133
MIR370	0	133	133	133
MIR376A1	0	133	133	133
MIR376C	0	133	133	133
MIR377	0	133	133	133
MIR379	0	133	133	133
MIR380	0	133	133	133
MIR381	0	133	133	133
MIR381HG	0	133	133	133
MIR382	0	133	133	133
MIR409	0	133	133	133
MIR410	0	133	133	133
MIR411	0	133	133	133
MIR412	0	133	133	133
MIR4309	0	133	133	133
MIR431	0	133	133	133
MIR432	0	133	133	133
MIR433	0	133	133	133
MIR4710	0	133	133	133
MIR485	0	133	133	133
MIR487A	0	133	133	133
MIR487B	0	133	133	133
MIR493	0	133	133	133
MIR494	0	133	133	133
MIR495	0	133	133	133
MIR496	0	133	133	133
MIR539	0	133	133	133
MIR541	0	133	133	133
MIR543	0	133	133	133
MIR544A	0	133	133	133
MIR654	0	133	133	133
MIR655	0	133	133	133
MIR656	0	133	133	133
MIR665	0	133	133	133
MIR758	0	133	133	133
MIR770	0	133	133	133
MIR889	0	133	133	133
MOK	0	133	133	133
MTA1	0	133	133	133
NUDT14	0	133	133	133
OR4F13P	54	79	133	132
OR4F15	54	79	133	132
OR4F4	54	79	133	132
OR4F6	54	79	133	132
PACS2	0	133	133	133
PAPOLA	0	133	133	133
PCSK6	54	79	133	132
PLD4	0	133	133	133
PPP1R13B	0	133	133	133
PPP2R5C	0	133	133	133
RCOR1	0	133	133	133
RD3L	0	133	133	133
RN7SKP108	0	133	133	133
RN7SKP92	0	133	133	133
RN7SL209P	54	79	133	132
RN7SL472P	0	133	133	133
RN7SL484P	54	79	133	132
RN7SL523P	0	133	133	133
RN7SL546P	0	133	133	133
RN7SL634P	0	133	133	133
RN7SL710P	0	133	133	133
RN7SL714P	0	133	133	133
RNA5SP389	0	133	133	133
RNA5SP402	54	79	133	132
RTL1	0	133	133	133
SCARNA13	0	133	133	133
SETD3	0	133	133	133
SIVA1	0	133	133	133
SLC25A29	0	133	133	133
SLC25A47	0	133	133	133
SNHG10	0	133	133	133
SNORA28	0	133	133	133
SNRPA1	54	79	133	132
SPATA41	54	79	133	132
SYNE3	0	133	133	133
TARSL2	54	79	133	132
TCL1A	0	133	133	133
TCL1B	0	133	133	133
TCL6	0	133	133	133
TDRD9	0	133	133	133
TECPR2	0	133	133	133
TEX22	0	133	133	133
TM2D3	54	79	133	132
TMEM121	0	133	133	133
TMEM179	0	133	133	133
TNFAIP2	0	133	133	133
TRAF3	0	133	133	133
TRMT61A	0	133	133	133
VIMP	54	79	133	132
VRK1	0	133	133	133
WARS	0	133	133	133
WASH3P	54	79	133	132
WDR20	0	133	133	133
WDR25	0	133	133	133
XRCC3	0	133	133	133
YY1	0	133	133	133
ZBTB42	0	133	133	133
ZFYVE21	0	133	133	133
ZNF839	0	133	133	133
GPHN	0	131	131	131
ABHD16B	128	0	128	128
ADRM1	128	0	128	128
ARFGAP1	128	0	128	128
ARFRP1	128	0	128	128
BHLHE23	128	0	128	128
BIRC7	128	0	128	128
C20ORF135	128	0	128	128
C20orf166	128	0	128	128
C20orf195	128	0	128	128
C20orf201	128	0	128	128
CABLES2	128	0	128	128
CDH4	128	0	128	128
CHRNA4	128	0	128	128
COL20A1	128	0	128	128
COL9A3	128	0	128	128
DIDO1	128	0	128	128
DNAJC5	128	0	128	128
EEF1A2	128	0	128	128
GATA5	128	0	128	128
GID8	128	0	128	128
GMEB2	128	0	128	128
HAR1A	128	0	128	128
HAR1B	128	0	128	128
HELZ2	128	0	128	128
HRH3	128	0	128	128
KCNQ2	128	0	128	128
LAMA5	128	0	128	128
LIME1	128	0	128	128
LINC00029	128	0	128	128
LINC00176	128	0	128	128
LINC00659	128	0	128	128
LINC00686	128	0	128	128
LSM14B	128	0	128	128
MIR1257	128	0	128	128
MIR133A2	128	0	128	128
MIR1914	128	0	128	128
MIR3196	128	0	128	128
MIR4326	128	0	128	128
MIR4758	128	0	128	128
MIR647	128	0	128	128
MRGBP	128	0	128	128
MTG2	128	0	128	128
MYT1	128	0	128	128
NKAIN4	128	0	128	128
NPBWR2	128	0	128	128
NTSR1	128	0	128	128
OGFR	128	0	128	128
OPRL1	128	0	128	128
OSBPL2	128	0	128	128
PCMTD2	128	0	128	128
PPDPF	128	0	128	128
PRPF6	128	0	128	128
PSMA7	128	0	128	128
PTK6	128	0	128	128
RBBP8NL	128	0	128	128
RGS19	128	0	128	128
RPS21	128	0	128	128
RTEL1	128	0	128	128
SAMD10	128	0	128	128
SLC17A9	128	0	128	128
SLC2A4RG	128	0	128	128
SLCO4A1	128	0	128	128
SOX18	128	0	128	128
SRMS	128	0	128	128
SS18L1	128	0	128	128
STMN3	128	0	128	128
TAF4	128	0	128	128
TCEA2	128	0	128	128
TCFL5	128	0	128	128
TNFRSF6B	128	0	128	128
TPD52L2	128	0	128	128
UCKL1	128	0	128	128
YTHDF1	128	0	128	128
ZBTB46	128	0	128	128
ZGPAT	128	0	128	128
ZNF512B	128	0	128	128
RN7SL636P	124	0	124	124
AAED1	0	119	119	119
ABCA1	0	119	119	119
ABCA2	0	119	119	119
ABL1	0	119	119	119
ABO	0	119	119	119
ACTL7A	0	119	119	119
ACTL7B	0	119	119	119
ADAMTS13	0	119	119	119
ADAMTSL2	0	119	119	119
AGPAT2	0	119	119	119
AIF1L	0	119	119	119
AK1	0	119	119	119
AK8	0	119	119	119
AKAP2	0	119	119	119
AKNA	0	119	119	119
ALAD	0	119	119	119
ALDOB	0	119	119	119
ALG2	0	119	119	119
AMBP	0	119	119	119
ANAPC2	0	119	119	119
ANGPTL2	0	119	119	119
ANKRD19P	0	119	119	119
ANKS6	0	119	119	119
ANP32B	0	119	119	119
ARPC5L	0	119	119	119
ARRDC1	0	119	119	119
ASB6	0	119	119	119
ASPN	0	119	119	119
ASS1	0	119	119	119
ASTN2	0	119	119	119
ATP6V1G1	0	119	119	119
AUH	0	119	119	119
BAAT	0	119	119	119
BARHL1	0	119	119	119
BARX1	0	119	119	119
BICD2	0	119	119	119
BRD3	0	119	119	119
BSPRY	0	119	119	119
C5	0	119	119	119
C8G	0	119	119	119
C9orf106	0	119	119	119
C9orf114	0	119	119	119
C9orf116	0	119	119	119
C9orf117	0	119	119	119
C9orf129	0	119	119	119
C9orf139	0	119	119	119
C9orf141	0	119	119	119
C9orf142	0	119	119	119
C9orf147	0	119	119	119
C9orf152	0	119	119	119
C9orf156	0	119	119	119
C9orf16	0	119	119	119
C9orf163	0	119	119	119
C9orf169	0	119	119	119
C9orf171	0	119	119	119
C9orf172	0	119	119	119
C9orf173	0	119	119	119
C9orf3	0	119	119	119
C9orf37	0	119	119	119
C9orf43	0	119	119	119
C9orf50	0	119	119	119
C9orf62	0	119	119	119
C9orf69	0	119	119	119
C9orf78	0	119	119	119
C9orf84	0	119	119	119
C9orf89	0	119	119	119
C9orf9	0	119	119	119
C9orf91	0	119	119	119
C9orf96	0	119	119	119
CACFD1	0	119	119	119
CACNA1B	0	119	119	119
CAMSAP1	0	119	119	119
CARD9	0	119	119	119
CCBL1	0	119	119	119
CCDC180	0	119	119	119
CDC14B	0	119	119	119
CDC26	0	119	119	119
CDK5RAP2	0	119	119	119
CDK9	0	119	119	119
CEL	0	119	119	119
CELP	0	119	119	119
CENPP	0	119	119	119
CERCAM	0	119	119	119
CIZ1	0	119	119	119
CLIC3	0	119	119	119
CNTRL	0	119	119	119
COL15A1	0	119	119	119
COL27A1	0	119	119	119
COL5A1	0	119	119	119
COQ4	0	119	119	119
CORO2A	0	119	119	119
CRAT	0	119	119	119
CRB2	0	119	119	119
CTNNAL1	0	119	119	119
CTSV	0	119	119	119
CYLC2	0	119	119	119
DAB2IP	0	119	119	119
DBC1	0	119	119	119
DBH	0	119	119	119
DDX31	0	119	119	119
DEC1	0	119	119	119
DENND1A	0	119	119	119
DFNB31	0	119	119	119
DKFZP434A062	0	119	119	119
DKFZP434H0512	0	119	119	119
DNAJC25	0	119	119	119
DNLZ	0	119	119	119
DNM1	0	119	119	119
DOLK	0	119	119	119
DOLPP1	0	119	119	119
DPH7	0	119	119	119
DPM2	0	119	119	119
DPP7	0	119	119	119
ECM2	0	119	119	119
EDF1	0	119	119	119
EGFL7	0	119	119	119
EHMT1	0	119	119	119
ENDOG	0	119	119	119
ENG	0	119	119	119
ENTPD2	0	119	119	119
ENTPD8	0	119	119	119
EPB41L4B	0	119	119	119
ERCC6L2	0	119	119	119
ERP44	0	119	119	119
EXD3	0	119	119	119
EXOSC2	0	119	119	119
FAM102A	0	119	119	119
FAM120A	0	119	119	119
FAM120AOS	0	119	119	119
FAM129B	0	119	119	119
FAM157B	0	119	119	119
FAM163B	0	119	119	119
FAM166A	0	119	119	119
FAM206A	0	119	119	119
FAM225A	0	119	119	119
FAM225B	0	119	119	119
FAM69B	0	119	119	119
FAM73B	0	119	119	119
FAM78A	0	119	119	119
FANCC	0	119	119	119
FBP1	0	119	119	119
FBP2	0	119	119	119
FBXW2	0	119	119	119
FBXW5	0	119	119	119
FCN1	0	119	119	119
FCN2	0	119	119	119
FGD3	0	119	119	119
FIBCD1	0	119	119	119
FKBP15	0	119	119	119
FKTN	0	119	119	119
FNBP1	0	119	119	119
FOXE1	0	119	119	119
FPGS	0	119	119	119
FRRS1L	0	119	119	119
FSD1L	0	119	119	119
FUBP3	0	119	119	119
FUT7	0	119	119	119
GABBR2	0	119	119	119
GALNT12	0	119	119	119
GAPVD1	0	119	119	119
GARNL3	0	119	119	119
GBGT1	0	119	119	119
GFI1B	0	119	119	119
GGTA1P	0	119	119	119
GLE1	0	119	119	119
GLT6D1	0	119	119	119
GNG10	0	119	119	119
GOLGA1	0	119	119	119
GOLGA2	0	119	119	119
GPR107	0	119	119	119
GPR144	0	119	119	119
GPR21	0	119	119	119
GPSM1	0	119	119	119
GRIN1	0	119	119	119
GRIN3A	0	119	119	119
GSN	0	119	119	119
GTF3C4	0	119	119	119
GTF3C5	0	119	119	119
HABP4	0	119	119	119
HDHD3	0	119	119	119
HEMGN	0	119	119	119
HIATL1	0	119	119	119
HIATL2	0	119	119	119
HMCN2	0	119	119	119
HMGA1P4	0	119	119	119
HSD17B3	0	119	119	119
HSDL2	0	119	119	119
HSPA5	0	119	119	119
IARS	0	119	119	119
IER5L	0	119	119	119
IKBKAP	0	119	119	119
INIP	0	119	119	119
INPP5E	0	119	119	119
INVS	0	119	119	119
IPPK	0	119	119	119
KCNT1	0	119	119	119
KIAA0368	0	119	119	119
KIAA1958	0	119	119	119
KIAA1984	0	119	119	119
KIF12	0	119	119	119
KLF4	0	119	119	119
LAMC3	0	119	119	119
LCN1	0	119	119	119
LCN10	0	119	119	119
LCN12	0	119	119	119
LCN15	0	119	119	119
LCN2	0	119	119	119
LCN8	0	119	119	119
LCN9	0	119	119	119
LCNL1	0	119	119	119
LHX2	0	119	119	119
LHX3	0	119	119	119
LHX6	0	119	119	119
LINC00092	0	119	119	119
LINC00094	0	119	119	119
LINC00474	0	119	119	119
LINC00475	0	119	119	119
LINC00476	0	119	119	119
LINC00484	0	119	119	119
LINC00587	0	119	119	119
LINC00963	0	119	119	119
LMX1B	0	119	119	119
LPAR1	0	119	119	119
LPPR1	0	119	119	119
LRRC26	0	119	119	119
LRRC37A5P	0	119	119	119
LRRC8A	0	119	119	119
LRSAM1	0	119	119	119
MAMDC4	0	119	119	119
MAN1B1	0	119	119	119
MAPKAP1	0	119	119	119
MED22	0	119	119	119
MED27	0	119	119	119
MEGF9	0	119	119	119
MIR126	0	119	119	119
MIR147A	0	119	119	119
MIR181A2	0	119	119	119
MIR181A2HG	0	119	119	119
MIR181B2	0	119	119	119
MIR199B	0	119	119	119
MIR2278	0	119	119	119
MIR23B	0	119	119	119
MIR27B	0	119	119	119
MIR3074	0	119	119	119
MIR3154	0	119	119	119
MIR32	0	119	119	119
MIR3621	0	119	119	119
MIR3689A	0	119	119	119
MIR3689B	0	119	119	119
MIR3689C	0	119	119	119
MIR3689D1	0	119	119	119
MIR3689D2	0	119	119	119
MIR3689E	0	119	119	119
MIR3689F	0	119	119	119
MIR3911	0	119	119	119
MIR3927	0	119	119	119
MIR3960	0	119	119	119
MIR4291	0	119	119	119
MIR4292	0	119	119	119
MIR4478	0	119	119	119
MIR4479	0	119	119	119
MIR455	0	119	119	119
MIR4668	0	119	119	119
MIR4669	0	119	119	119
MIR4670	0	119	119	119
MIR4672	0	119	119	119
MIR4673	0	119	119	119
MIR4674	0	119	119	119
MIR548AW	0	119	119	119
MIR600HG	0	119	119	119
MIR601	0	119	119	119
MIR602	0	119	119	119
MIRLET7A1	0	119	119	119
MIRLET7D	0	119	119	119
MIRLET7DHG	0	119	119	119
MIRLET7F1	0	119	119	119
MORN5	0	119	119	119
MRPL41	0	119	119	119
MRPL50	0	119	119	119
MRPS2	0	119	119	119
MRRF	0	119	119	119
MSANTD3	0	119	119	119
MURC	0	119	119	119
MUSK	0	119	119	119
MVB12B	0	119	119	119
NACC2	0	119	119	119
NAIF1	0	119	119	119
NANS	0	119	119	119
NCBP1	0	119	119	119
NCS1	0	119	119	119
NDOR1	0	119	119	119
NDUFA8	0	119	119	119
NEK6	0	119	119	119
NELFB	0	119	119	119
NFIL3	0	119	119	119
NINJ1	0	119	119	119
NIPSNAP3A	0	119	119	119
NIPSNAP3B	0	119	119	119
NOL8	0	119	119	119
NOTCH1	0	119	119	119
NOXA1	0	119	119	119
NPDC1	0	119	119	119
NR4A3	0	119	119	119
NR5A1	0	119	119	119
NR6A1	0	119	119	119
NRARP	0	119	119	119
NRON	0	119	119	119
NSMF	0	119	119	119
NTMT1	0	119	119	119
NTNG2	0	119	119	119
NUP188	0	119	119	119
NUP214	0	119	119	119
NUTM2F	0	119	119	119
NUTM2G	0	119	119	119
OBP2A	0	119	119	119
OBP2B	0	119	119	119
ODF2	0	119	119	119
OGN	0	119	119	119
OLFM1	0	119	119	119
OLFML2A	0	119	119	119
OMD	0	119	119	119
OR13C2	0	119	119	119
OR13C3	0	119	119	119
OR13C4	0	119	119	119
OR13C5	0	119	119	119
OR13C8	0	119	119	119
OR13C9	0	119	119	119
OR13D1	0	119	119	119
OR13F1	0	119	119	119
OR1B1	0	119	119	119
OR1J1	0	119	119	119
OR1J2	0	119	119	119
OR1J4	0	119	119	119
OR1K1	0	119	119	119
OR1L1	0	119	119	119
OR1L3	0	119	119	119
OR1L4	0	119	119	119
OR1L6	0	119	119	119
OR1L8	0	119	119	119
OR1N1	0	119	119	119
OR1N2	0	119	119	119
OR1Q1	0	119	119	119
OR2K2	0	119	119	119
OR5C1	0	119	119	119
ORM1	0	119	119	119
ORM2	0	119	119	119
PAEP	0	119	119	119
PALM2	0	119	119	119
PAPPA	0	119	119	119
PBX3	0	119	119	119
PCAT7	0	119	119	119
PDCL	0	119	119	119
PHF19	0	119	119	119
PHF2	0	119	119	119
PHPT1	0	119	119	119
PHYHD1	0	119	119	119
PIP5KL1	0	119	119	119
PKN3	0	119	119	119
PMPCA	0	119	119	119
PNPLA7	0	119	119	119
POLE3	0	119	119	119
POMT1	0	119	119	119
PPAPDC3	0	119	119	119
PPP1R26	0	119	119	119
PPP2R4	0	119	119	119
PPP3R2	0	119	119	119
PPP6C	0	119	119	119
PRDM12	0	119	119	119
PRPF4	0	119	119	119
PRRC2B	0	119	119	119
PRRX2	0	119	119	119
PSMB7	0	119	119	119
PSMD5	0	119	119	119
PTBP3	0	119	119	119
PTCH1	0	119	119	119
PTGDS	0	119	119	119
PTGES	0	119	119	119
PTGES2	0	119	119	119
PTGR1	0	119	119	119
PTGS1	0	119	119	119
PTPDC1	0	119	119	119
PTPN3	0	119	119	119
PTRH1	0	119	119	119
QRFP	0	119	119	119
QSOX2	0	119	119	119
RAB14	0	119	119	119
RABEPK	0	119	119	119
RABGAP1	0	119	119	119
RABL6	0	119	119	119
RAD23B	0	119	119	119
RALGDS	0	119	119	119
RALGPS1	0	119	119	119
RAPGEF1	0	119	119	119
RBM18	0	119	119	119
RC3H2	0	119	119	119
REXO4	0	119	119	119
RGS3	0	119	119	119
RN7SKP125	0	119	119	119
RN7SKP128	0	119	119	119
RN7SKP191	0	119	119	119
RN7SKP225	0	119	119	119
RN7SKP77	0	119	119	119
RN7SKP87	0	119	119	119
RN7SL159P	0	119	119	119
RN7SL181P	0	119	119	119
RN7SL187P	0	119	119	119
RN7SL227P	0	119	119	119
RN7SL302P	0	119	119	119
RN7SL30P	0	119	119	119
RN7SL328P	0	119	119	119
RN7SL430P	0	119	119	119
RN7SL560P	0	119	119	119
RN7SL57P	0	119	119	119
RN7SL659P	0	119	119	119
RN7SL665P	0	119	119	119
RN7SL75P	0	119	119	119
RN7SL794P	0	119	119	119
RNA5SP288	0	119	119	119
RNA5SP289	0	119	119	119
RNA5SP290	0	119	119	119
RNA5SP291	0	119	119	119
RNA5SP292	0	119	119	119
RNA5SP293	0	119	119	119
RNA5SP294	0	119	119	119
RNA5SP295	0	119	119	119
RNA5SP296	0	119	119	119
RNF183	0	119	119	119
RNF20	0	119	119	119
RNF208	0	119	119	119
RNF224	0	119	119	119
RNU6ATAC	0	119	119	119
RNY4P18	0	119	119	119
ROR2	0	119	119	119
RPL12	0	119	119	119
RPL35	0	119	119	119
RPL7A	0	119	119	119
RXRA	0	119	119	119
SAPCD2	0	119	119	119
SARDH	0	119	119	119
SCAI	0	119	119	119
SDCCAG3	0	119	119	119
SEC16A	0	119	119	119
SEC61B	0	119	119	119
SET	0	119	119	119
SETX	0	119	119	119
SH2D3C	0	119	119	119
SH3GLB2	0	119	119	119
SLC25A25	0	119	119	119
SLC27A4	0	119	119	119
SLC2A6	0	119	119	119
SLC2A8	0	119	119	119
SLC31A1	0	119	119	119
SLC31A2	0	119	119	119
SLC34A3	0	119	119	119
SLC35D2	0	119	119	119
SLC44A1	0	119	119	119
SLC46A2	0	119	119	119
SMC2	0	119	119	119
SNAPC4	0	119	119	119
SNHG7	0	119	119	119
SNORA65	0	119	119	119
SNORA70C	0	119	119	119
SNORA84	0	119	119	119
SNORD24	0	119	119	119
SNORD36A	0	119	119	119
SNORD36B	0	119	119	119
SNORD36C	0	119	119	119
SNORD62	0	119	119	119
SNORD62A	0	119	119	119
SNORD62B	0	119	119	119
SNORD90	0	119	119	119
SNX30	0	119	119	119
SOHLH1	0	119	119	119
SPTAN1	0	119	119	119
SPTLC1	0	119	119	119
SSNA1	0	119	119	119
ST6GALNAC4	0	119	119	119
ST6GALNAC6	0	119	119	119
STOM	0	119	119	119
STRBP	0	119	119	119
STX17	0	119	119	119
STXBP1	0	119	119	119
SURF1	0	119	119	119
SURF2	0	119	119	119
SURF4	0	119	119	119
SURF6	0	119	119	119
SUSD1	0	119	119	119
SUSD3	0	119	119	119
SVEP1	0	119	119	119
SWI5	0	119	119	119
SYK	0	119	119	119
TAL2	0	119	119	119
TBC1D13	0	119	119	119
TBC1D2	0	119	119	119
TDRD7	0	119	119	119
TEX10	0	119	119	119
TGFBR1	0	119	119	119
TLR4	0	119	119	119
TMEFF1	0	119	119	119
TMEM141	0	119	119	119
TMEM203	0	119	119	119
TMEM210	0	119	119	119
TMEM245	0	119	119	119
TMEM246	0	119	119	119
TMEM38B	0	119	119	119
TMEM8C	0	119	119	119
TMOD1	0	119	119	119
TNC	0	119	119	119
TNFSF15	0	119	119	119
TNFSF8	0	119	119	119
TOR1A	0	119	119	119
TOR1B	0	119	119	119
TOR2A	0	119	119	119
TOR4A	0	119	119	119
TPRN	0	119	119	119
TRAF1	0	119	119	119
TRAF2	0	119	119	119
TRIM14	0	119	119	119
TRIM32	0	119	119	119
TRUB2	0	119	119	119
TSC1	0	119	119	119
TSTD2	0	119	119	119
TTC16	0	119	119	119
TTF1	0	119	119	119
TTLL11	0	119	119	119
TUBB4B	0	119	119	119
TUBBP5	0	119	119	119
TXN	0	119	119	119
TXNDC8	0	119	119	119
UAP1L1	0	119	119	119
UBAC1	0	119	119	119
UCK1	0	119	119	119
UGCG	0	119	119	119
URM1	0	119	119	119
USP20	0	119	119	119
VAV2	0	119	119	119
WDR31	0	119	119	119
WDR34	0	119	119	119
WDR38	0	119	119	119
WDR5	0	119	119	119
WNK2	0	119	119	119
XPA	0	119	119	119
ZBTB26	0	119	119	119
ZBTB34	0	119	119	119
ZBTB43	0	119	119	119
ZBTB6	0	119	119	119
ZDHHC12	0	119	119	119
ZER1	0	119	119	119
ZFP37	0	119	119	119
ZMYND19	0	119	119	119
ZNF169	0	119	119	119
ZNF189	0	119	119	119
ZNF367	0	119	119	119
ZNF462	0	119	119	119
ZNF483	0	119	119	119
ZNF484	0	119	119	119
ZNF510	0	119	119	119
ZNF618	0	119	119	119
ZNF782	0	119	119	119
ZNF79	0	119	119	119
ZNF883	0	119	119	119
PTP4A1	109	0	109	109
ABLIM1	0	105	105	105
ACADSB	0	105	105	105
ACSL5	0	105	105	105
ADAM12	0	105	105	105
ADAM8	0	105	105	105
ADD3	0	105	105	105
ADRA2A	0	105	105	105
ADRB1	0	105	105	105
AFAP1L2	0	105	105	105
ARMS2	0	105	105	105
ATE1	0	105	105	105
ATRNL1	0	105	105	105
BAG3	0	105	105	105
BBIP1	0	105	105	105
BCCIP	0	105	105	105
BNIP3	0	105	105	105
BTBD16	0	105	105	105
BUB3	0	105	105	105
C10orf118	0	105	105	105
C10orf120	0	105	105	105
C10orf137	0	105	105	105
C10orf82	0	105	105	105
C10orf85	0	105	105	105
C10orf88	0	105	105	105
C10orf90	0	105	105	105
C10orf91	0	105	105	105
CACUL1	0	105	105	105
CALY	0	105	105	105
CASC2	0	105	105	105
CASP7	0	105	105	105
CCDC147	0	105	105	105
CCDC172	0	105	105	105
CHST15	0	105	105	105
CLRN3	0	105	105	105
COL17A1	0	105	105	105
CPXM2	0	105	105	105
CTBP2	0	105	105	105
CUZD1	0	105	105	105
CYP2E1	0	105	105	105
DCLRE1A	0	105	105	105
DHX32	0	105	105	105
DMBT1	0	105	105	105
DOCK1	0	105	105	105
DPYSL4	0	105	105	105
DUSP5	0	105	105	105
EBF3	0	105	105	105
ECHS1	0	105	105	105
EIF3A	0	105	105	105
EMX2	0	105	105	105
EMX2OS	0	105	105	105
ENO4	0	105	105	105
FAM160B1	0	105	105	105
FAM175B	0	105	105	105
FAM196A	0	105	105	105
FAM204A	0	105	105	105
FAM24A	0	105	105	105
FAM24B	0	105	105	105
FAM45A	0	105	105	105
FAM53B	0	105	105	105
FANK1	0	105	105	105
FGFR2	0	105	105	105
FOXI2	0	105	105	105
FRG2B	0	105	105	105
FUOM	0	105	105	105
GFRA1	0	105	105	105
GLRX3	0	105	105	105
GPAM	0	105	105	105
GPR123	0	105	105	105
GPR26	0	105	105	105
GRK5	0	105	105	105
GSTO1	0	105	105	105
GSTO2	0	105	105	105
GUCY2GP	0	105	105	105
HABP2	0	105	105	105
HMX2	0	105	105	105
HMX3	0	105	105	105
HSPA12A	0	105	105	105
HTRA1	0	105	105	105
IKZF5	0	105	105	105
INPP5A	0	105	105	105
INPP5F	0	105	105	105
ITPRIP	0	105	105	105
JAKMIP3	0	105	105	105
KCNK18	0	105	105	105
KIAA1598	0	105	105	105
KNDC1	0	105	105	105
LHPP	0	105	105	105
LINC00601	0	105	105	105
LINC00867	0	105	105	105
LINC00959	0	105	105	105
LRRC27	0	105	105	105
MCMBP	0	105	105	105
METTL10	0	105	105	105
MGMT	0	105	105	105
MIR202	0	105	105	105
MIR2110	0	105	105	105
MIR3663	0	105	105	105
MIR378C	0	105	105	105
MIR3941	0	105	105	105
MIR3944	0	105	105	105
MIR4295	0	105	105	105
MIR4296	0	105	105	105
MIR4297	0	105	105	105
MIR4484	0	105	105	105
MIR4680	0	105	105	105
MIR4681	0	105	105	105
MIR4682	0	105	105	105
MIR548E	0	105	105	105
MIR609	0	105	105	105
MIR936	0	105	105	105
MKI67	0	105	105	105
MMP21	0	105	105	105
MTG1	0	105	105	105
MXI1	0	105	105	105
NANOS1	0	105	105	105
NHLRC2	0	105	105	105
NPS	0	105	105	105
NRAP	0	105	105	105
NSMCE4A	0	105	105	105
OAT	0	105	105	105
OBFC1	0	105	105	105
PAOX	0	105	105	105
PDCD4	0	105	105	105
PDZD8	0	105	105	105
PLEKHA1	0	105	105	105
PLEKHS1	0	105	105	105
PNLIP	0	105	105	105
PNLIPRP1	0	105	105	105
PNLIPRP2	0	105	105	105
PNLIPRP3	0	105	105	105
PPAPDC1A	0	105	105	105
PPP2R2D	0	105	105	105
PRAP1	0	105	105	105
PRDX3	0	105	105	105
PRLHR	0	105	105	105
PSTK	0	105	105	105
PTPRE	0	105	105	105
PWWP2B	0	105	105	105
RAB11FIP2	0	105	105	105
RBM20	0	105	105	105
RGS10	0	105	105	105
RN7SKP167	0	105	105	105
RN7SKP278	0	105	105	105
RN7SKP288	0	105	105	105
RN7SL384P	0	105	105	105
RN7SL450P	0	105	105	105
RN7SL524P	0	105	105	105
RN7SL686P	0	105	105	105
RN7SL749P	0	105	105	105
RN7SL846P	0	105	105	105
RNA5SP325	0	105	105	105
RNA5SP326	0	105	105	105
RNA5SP327	0	105	105	105
RNA5SP328	0	105	105	105
SEC23IP	0	105	105	105
SFR1	0	105	105	105
SFXN4	0	105	105	105
SHOC2	0	105	105	105
SLC18A2	0	105	105	105
SLK	0	105	105	105
SMC3	0	105	105	105
SMNDC1	0	105	105	105
SORCS1	0	105	105	105
SORCS3	0	105	105	105
SPRN	0	105	105	105
STK32C	0	105	105	105
SYCE1	0	105	105	105
TACC2	0	105	105	105
TCERG1L	0	105	105	105
TCF7L2	0	105	105	105
TDRD1	0	105	105	105
TECTB	0	105	105	105
TEX36	0	105	105	105
TIAL1	0	105	105	105
TRUB1	0	105	105	105
TTC40	0	105	105	105
TUBGCP2	0	105	105	105
UROS	0	105	105	105
UTF1	0	105	105	105
VAX1	0	105	105	105
VENTX	0	105	105	105
VTI1A	0	105	105	105
VWA2	0	105	105	105
WDR11	0	105	105	105
WDR96	0	105	105	105
XPNPEP1	0	105	105	105
ZDHHC6	0	105	105	105
ZNF511	0	105	105	105
ZRANB1	0	105	105	105
KLLN	0	97	97	97
PTEN	0	97	97	97
ACAA2	0	94	94	94
ADNP2	0	94	94	94
ALPK2	0	94	94	94
ATP5A1	0	94	94	94
ATP8B1	0	94	94	94
ATP9B	0	94	94	94
BCL2	0	94	94	94
BOD1L2	0	94	94	94
C18orf25	0	94	94	94
C18orf32	0	94	94	94
C18orf54	0	94	94	94
C18orf63	0	94	94	94
CBLN2	0	94	94	94
CCBE1	0	94	94	94
CCDC102B	0	94	94	94
CCDC11	0	94	94	94
CCDC68	0	94	94	94
CD226	0	94	94	94
CDH19	0	94	94	94
CDH20	0	94	94	94
CDH7	0	94	94	94
CNDP1	0	94	94	94
CNDP2	0	94	94	94
CPLX4	0	94	94	94
CTDP1	0	94	94	94
CTIF	0	94	94	94
CXXC1	0	94	94	94
CYB5A	0	94	94	94
DCC	0	94	94	94
DOK6	0	94	94	94
DSEL	0	94	94	94
DYM	0	94	94	94
DYNAP	0	94	94	94
ELAC1	0	94	94	94
EPG5	0	94	94	94
FAM69C	0	94	94	94
FBXO15	0	94	94	94
FECH	0	94	94	94
GALR1	0	94	94	94
GRP	0	94	94	94
GTSCR1	0	94	94	94
HAUS1	0	94	94	94
HDHD2	0	94	94	94
HMSD	0	94	94	94
HSBP1L1	0	94	94	94
KATNAL2	0	94	94	94
KCNG2	0	94	94	94
KDSR	0	94	94	94
KIAA1468	0	94	94	94
LINC00305	0	94	94	94
LINC00683	0	94	94	94
LINC00908	0	94	94	94
LINC00909	0	94	94	94
LIPG	0	94	94	94
LMAN1	0	94	94	94
LOXHD1	0	94	94	94
MALT1	0	94	94	94
MAPK4	0	94	94	94
MBD1	0	94	94	94
MBD2	0	94	94	94
MBP	0	94	94	94
MC4R	0	94	94	94
ME2	0	94	94	94
MEX3C	0	94	94	94
MIR122	0	94	94	94
MIR1539	0	94	94	94
MIR4319	0	94	94	94
MIR4527	0	94	94	94
MIR4529	0	94	94	94
MIR4743	0	94	94	94
MIR4744	0	94	94	94
MIR5011	0	94	94	94
MIR548AV	0	94	94	94
MRO	0	94	94	94
MYO5B	0	94	94	94
NARS	0	94	94	94
NEDD4L	0	94	94	94
NETO1	0	94	94	94
NFATC1	0	94	94	94
OACYLP	0	94	94	94
ONECUT2	0	94	94	94
PARD6G	0	94	94	94
PHLPP1	0	94	94	94
PIAS2	0	94	94	94
PIGN	0	94	94	94
PMAIP1	0	94	94	94
POLI	0	94	94	94
PQLC1	0	94	94	94
PSTPIP2	0	94	94	94
RAB27B	0	94	94	94
RAX	0	94	94	94
RBFA	0	94	94	94
RBFADN	0	94	94	94
RN7SKP26	0	94	94	94
RN7SL112P	0	94	94	94
RN7SL310P	0	94	94	94
RN7SL342P	0	94	94	94
RN7SL401P	0	94	94	94
RN7SL551P	0	94	94	94
RN7SL695P	0	94	94	94
RN7SL705P	0	94	94	94
RN7SL795P	0	94	94	94
RNA5SP455	0	94	94	94
RNA5SP456	0	94	94	94
RNA5SP457	0	94	94	94
RNA5SP458	0	94	94	94
RNA5SP459	0	94	94	94
RNA5SP460	0	94	94	94
RNA5SP461	0	94	94	94
RNF152	0	94	94	94
RNF165	0	94	94	94
RPL17	0	94	94	94
RTTN	0	94	94	94
SALL3	0	94	94	94
SEC11C	0	94	94	94
SERPINB10	0	94	94	94
SERPINB11	0	94	94	94
SERPINB12	0	94	94	94
SERPINB13	0	94	94	94
SERPINB2	0	94	94	94
SERPINB3	0	94	94	94
SERPINB4	0	94	94	94
SERPINB5	0	94	94	94
SERPINB7	0	94	94	94
SERPINB8	0	94	94	94
SETBP1	0	94	94	94
SIGLEC15	0	94	94	94
SKA1	0	94	94	94
SKOR2	0	94	94	94
SLC14A1	0	94	94	94
SLC14A2	0	94	94	94
SMAD2	0	94	94	94
SMAD4	0	94	94	94
SMAD7	0	94	94	94
SMIM21	0	94	94	94
SNORA37	0	94	94	94
SNORD58A	0	94	94	94
SNORD58B	0	94	94	94
SNORD58C	0	94	94	94
SOCS6	0	94	94	94
ST8SIA3	0	94	94	94
ST8SIA5	0	94	94	94
STARD6	0	94	94	94
TCEB3B	0	94	94	94
TCEB3C	0	94	94	94
TCEB3CL	0	94	94	94
TCEB3CL2	0	94	94	94
TCF4	0	94	94	94
TIMM21	0	94	94	94
TMX3	0	94	94	94
TNFRSF11A	0	94	94	94
TSHZ1	0	94	94	94
TXNL1	0	94	94	94
TXNL4A	0	94	94	94
VPS4B	0	94	94	94
WDR7	0	94	94	94
ZADH2	0	94	94	94
ZBTB7C	0	94	94	94
ZCCHC2	0	94	94	94
ZNF236	0	94	94	94
ZNF407	0	94	94	94
ZNF516	0	94	94	94
ZNF532	0	94	94	94
AASDHPPT	0	93	93	93
ABCG4	0	93	93	93
ACAD8	0	93	93	93
ACAT1	0	93	93	93
ACRV1	0	93	93	93
ADAMTS15	0	93	93	93
ADAMTS8	0	93	93	93
ALKBH8	0	93	93	93
AMICA1	0	93	93	93
ANKK1	0	93	93	93
APLP2	0	93	93	93
APOA1	0	93	93	93
APOA4	0	93	93	93
APOA5	0	93	93	93
APOC3	0	93	93	93
ARCN1	0	93	93	93
ARHGAP20	0	93	93	93
ARHGAP32	0	93	93	93
ARHGEF12	0	93	93	93
ATF4P4	0	93	93	93
ATM	0	93	93	93
ATP5L	0	93	93	93
B3GAT1	0	93	93	93
BACE1	0	93	93	93
BARX2	0	93	93	93
BCL9L	0	93	93	93
BCO2	0	93	93	93
BLID	0	93	93	93
BSX	0	93	93	93
BTG4	0	93	93	93
BUD13	0	93	93	93
C11orf1	0	93	93	93
C11orf34	0	93	93	93
C11orf44	0	93	93	93
C11orf45	0	93	93	93
C11orf52	0	93	93	93
C11orf53	0	93	93	93
C11orf57	0	93	93	93
C11orf63	0	93	93	93
C11orf65	0	93	93	93
C11orf71	0	93	93	93
C11orf87	0	93	93	93
C11orf88	0	93	93	93
C11orf92	0	93	93	93
C11orf93	0	93	93	93
C1QTNF5	0	93	93	93
C2CD2L	0	93	93	93
CADM1	0	93	93	93
CARD16	0	93	93	93
CARD17	0	93	93	93
CARD18	0	93	93	93
CASP1	0	93	93	93
CASP12	0	93	93	93
CASP4	0	93	93	93
CASP5	0	93	93	93
CBL	0	93	93	93
CCDC15	0	93	93	93
CCDC153	0	93	93	93
CCDC84	0	93	93	93
CD3D	0	93	93	93
CD3E	0	93	93	93
CD3G	0	93	93	93
CDON	0	93	93	93
CEP164	0	93	93	93
CHEK1	0	93	93	93
CLDN25	0	93	93	93
CLMP	0	93	93	93
CRTAM	0	93	93	93
CRYAB	0	93	93	93
CUL5	0	93	93	93
CWF19L2	0	93	93	93
CXCR5	0	93	93	93
DCPS	0	93	93	93
DCUN1D5	0	93	93	93
DDI1	0	93	93	93
DDX10	0	93	93	93
DDX25	0	93	93	93
DDX6	0	93	93	93
DIXDC1	0	93	93	93
DLAT	0	93	93	93
DPAGT1	0	93	93	93
DRD2	0	93	93	93
DSCAML1	0	93	93	93
DYNC2H1	0	93	93	93
EI24	0	93	93	93
ELMOD1	0	93	93	93
ESAM	0	93	93	93
ETS1	0	93	93	93
EXPH5	0	93	93	93
FAM118B	0	93	93	93
FDX1	0	93	93	93
FDXACB1	0	93	93	93
FEZ1	0	93	93	93
FLI1	0	93	93	93
FOXR1	0	93	93	93
FOXRED1	0	93	93	93
FXYD2	0	93	93	93
FXYD6	0	93	93	93
GLB1L2	0	93	93	93
GLB1L3	0	93	93	93
GRAMD1B	0	93	93	93
GRIA4	0	93	93	93
GRIK4	0	93	93	93
GUCY1A2	0	93	93	93
H2AFX	0	93	93	93
HEPACAM	0	93	93	93
HEPN1	0	93	93	93
HINFP	0	93	93	93
HMBS	0	93	93	93
HSPA8	0	93	93	93
HSPB2	0	93	93	93
HTR3A	0	93	93	93
HTR3B	0	93	93	93
HYLS1	0	93	93	93
HYOU1	0	93	93	93
IFT46	0	93	93	93
IGSF9B	0	93	93	93
IL10RA	0	93	93	93
IL18	0	93	93	93
JAM3	0	93	93	93
KBTBD3	0	93	93	93
KCNJ1	0	93	93	93
KCNJ5	0	93	93	93
KDELC2	0	93	93	93
KIRREL3	0	93	93	93
KMT2A	0	93	93	93
KRT18P59	0	93	93	93
LAYN	0	93	93	93
LINC00167	0	93	93	93
LINC00900	0	93	93	93
MCAM	0	93	93	93
MIR100	0	93	93	93
MIR125B1	0	93	93	93
MIR3167	0	93	93	93
MIR34B	0	93	93	93
MIR34C	0	93	93	93
MIR3656	0	93	93	93
MIR4301	0	93	93	93
MIR4491	0	93	93	93
MIR4492	0	93	93	93
MIR4493	0	93	93	93
MIR4693	0	93	93	93
MIR4697	0	93	93	93
MIRLET7A2	0	93	93	93
MPZL2	0	93	93	93
MPZL3	0	93	93	93
MSANTD2	0	93	93	93
MSANTD4	0	93	93	93
NCAM1	0	93	93	93
NCAPD3	0	93	93	93
NFRKB	0	93	93	93
NLRX1	0	93	93	93
NNMT	0	93	93	93
NPAT	0	93	93	93
NRGN	0	93	93	93
NTM	0	93	93	93
NXPE1	0	93	93	93
NXPE2	0	93	93	93
NXPE4	0	93	93	93
OAF	0	93	93	93
OPCML	0	93	93	93
OR10D3	0	93	93	93
OR10G4	0	93	93	93
OR10G7	0	93	93	93
OR10G8	0	93	93	93
OR10G9	0	93	93	93
OR10S1	0	93	93	93
OR4D5	0	93	93	93
OR6M1	0	93	93	93
OR6T1	0	93	93	93
OR6X1	0	93	93	93
OR8A1	0	93	93	93
OR8B12	0	93	93	93
OR8B2	0	93	93	93
OR8B3	0	93	93	93
OR8B4	0	93	93	93
OR8B8	0	93	93	93
OR8D1	0	93	93	93
OR8D2	0	93	93	93
OR8D4	0	93	93	93
PAFAH1B2	0	93	93	93
PANX3	0	93	93	93
PATE1	0	93	93	93
PATE2	0	93	93	93
PATE3	0	93	93	93
PATE4	0	93	93	93
PCSK7	0	93	93	93
PDGFD	0	93	93	93
PDZD3	0	93	93	93
PHLDB1	0	93	93	93
PIH1D2	0	93	93	93
PKNOX2	0	93	93	93
POU2AF1	0	93	93	93
POU2F3	0	93	93	93
PPP2R1B	0	93	93	93
PRDM10	0	93	93	93
PTS	0	93	93	93
PUS3	0	93	93	93
PVRL1	0	93	93	93
RAB39A	0	93	93	93
RBM7	0	93	93	93
RDX	0	93	93	93
REXO2	0	93	93	93
RN7SKP121	0	93	93	93
RN7SKP273	0	93	93	93
RN7SKP279	0	93	93	93
RN7SL167P	0	93	93	93
RN7SL351P	0	93	93	93
RN7SL529P	0	93	93	93
RN7SL688P	0	93	93	93
RN7SL86P	0	93	93	93
RNA5SP348	0	93	93	93
RNA5SP349	0	93	93	93
RNA5SP350	0	93	93	93
RNA5SP351	0	93	93	93
RNA5SP352	0	93	93	93
RNF214	0	93	93	93
RNF26	0	93	93	93
RNU4ATAC10P	0	93	93	93
RNU4ATAC5P	0	93	93	93
RNU6ATAC12P	0	93	93	93
RNY4P6	0	93	93	93
ROBO3	0	93	93	93
ROBO4	0	93	93	93
RPS25	0	93	93	93
RPUSD4	0	93	93	93
SC5D	0	93	93	93
SCN2B	0	93	93	93
SCN3B	0	93	93	93
SCN4B	0	93	93	93
SIAE	0	93	93	93
SIDT2	0	93	93	93
SIK2	0	93	93	93
SIK3	0	93	93	93
SLC35F2	0	93	93	93
SLC37A2	0	93	93	93
SLC37A4	0	93	93	93
SLN	0	93	93	93
SNORD14C	0	93	93	93
SNORD14D	0	93	93	93
SNORD14E	0	93	93	93
SNX19	0	93	93	93
SORL1	0	93	93	93
SPA17	0	93	93	93
SPATA19	0	93	93	93
SRPR	0	93	93	93
ST14	0	93	93	93
ST3GAL4	0	93	93	93
STT3A	0	93	93	93
TAGLN	0	93	93	93
TBCEL	0	93	93	93
TBRG1	0	93	93	93
TECTA	0	93	93	93
TEX12	0	93	93	93
THY1	0	93	93	93
THYN1	0	93	93	93
TIMM8B	0	93	93	93
TIRAP	0	93	93	93
TMEM136	0	93	93	93
TMEM218	0	93	93	93
TMEM225	0	93	93	93
TMEM25	0	93	93	93
TMEM45B	0	93	93	93
TMPRSS13	0	93	93	93
TMPRSS4	0	93	93	93
TMPRSS5	0	93	93	93
TP53AIP1	0	93	93	93
TRAPPC4	0	93	93	93
TREH	0	93	93	93
TRIM29	0	93	93	93
TTC12	0	93	93	93
TTC36	0	93	93	93
UBASH3B	0	93	93	93
UBE4A	0	93	93	93
UPK2	0	93	93	93
USP2	0	93	93	93
USP28	0	93	93	93
VPS11	0	93	93	93
VPS26B	0	93	93	93
VSIG2	0	93	93	93
VWA5A	0	93	93	93
ZBTB16	0	93	93	93
ZBTB44	0	93	93	93
ZC3H12C	0	93	93	93
ZNF202	0	93	93	93
ZNF259	0	93	93	93
ZW10	0	93	93	93
snosnR66	0	93	93	93
CEBPA	91	0	91	91
ABCA7	0	87	87	87
ABCD1	87	0	87	87
ABHD17A	0	87	87	87
ADAMTSL5	0	87	87	87
ADAT3	0	87	87	87
AES	0	87	87	87
AMH	0	87	87	87
ANKRD24	0	87	87	87
AP3D1	0	87	87	87
APBA3	0	87	87	87
APC2	0	87	87	87
ARHGAP4	87	0	87	87
ARID3A	0	87	87	87
ARRDC5	0	87	87	87
ATCAY	0	87	87	87
ATP2B3	87	0	87	87
ATP5D	0	87	87	87
ATP6AP1	87	0	87	87
ATP8B3	0	87	87	87
AVPR2	87	0	87	87
AZU1	0	87	87	87
BCAP31	87	0	87	87
BGN	87	0	87	87
BRCC3	87	0	87	87
BSG	0	87	87	87
BTBD2	0	87	87	87
C19orf10	0	87	87	87
C19orf24	0	87	87	87
C19orf25	0	87	87	87
C19orf26	0	87	87	87
C19orf35	0	87	87	87
C19orf71	0	87	87	87
C19orf77	0	87	87	87
C2CD4C	0	87	87	87
CACTIN	0	87	87	87
CCDC94	0	87	87	87
CDC34	0	87	87	87
CELF5	0	87	87	87
CETN2	87	0	87	87
CFD	0	87	87	87
CHAF1A	0	87	87	87
CIRBP	0	87	87	87
CLIC2	87	0	87	87
CMC4	87	0	87	87
CNN2	0	87	87	87
CREB3L3	0	87	87	87
CSAG1	87	0	87	87
CSAG2	87	0	87	87
CSAG3	87	0	87	87
CSAG4	87	0	87	87
CSNK1G2	0	87	87	87
CTAG1A	87	0	87	87
CTAG1B	87	0	87	87
CTAG2	87	0	87	87
DAPK3	0	87	87	87
DAZAP1	0	87	87	87
DIRAS1	0	87	87	87
DKC1	87	0	87	87
DNASE1L1	87	0	87	87
DOHH	0	87	87	87
DOT1L	0	87	87	87
DPP9	0	87	87	87
DUSP9	87	0	87	87
EBI3	0	87	87	87
EEF2	0	87	87	87
EFNA2	0	87	87	87
ELANE	0	87	87	87
EMD	87	0	87	87
F8	87	0	87	87
F8A1	87	0	87	87
F8A2	87	0	87	87
F8A3	87	0	87	87
FAM138F	0	87	87	87
FAM3A	87	0	87	87
FAM50A	87	0	87	87
FAM58A	87	0	87	87
FEM1A	0	87	87	87
FGF22	0	87	87	87
FLNA	87	0	87	87
FSD1	0	87	87	87
FSTL3	0	87	87	87
FUNDC2	87	0	87	87
FZR1	0	87	87	87
G6PD	87	0	87	87
GAB3	87	0	87	87
GABRQ	87	0	87	87
GADD45B	0	87	87	87
GAMT	0	87	87	87
GDI1	87	0	87	87
GIPC3	0	87	87	87
GNA11	0	87	87	87
GNA15	0	87	87	87
GNG7	0	87	87	87
GPX4	0	87	87	87
GRIN3B	0	87	87	87
GZMM	0	87	87	87
H2AFB1	87	0	87	87
H2AFB2	87	0	87	87
H2AFB3	87	0	87	87
HAUS7	87	0	87	87
HCFC1	87	0	87	87
HCN2	0	87	87	87
HDGFRP2	0	87	87	87
HMG20B	0	87	87	87
HMHA1	0	87	87	87
IDH3G	87	0	87	87
IKBKG	87	0	87	87
IRAK1	87	0	87	87
IZUMO4	0	87	87	87
JSRP1	0	87	87	87
KDM4B	0	87	87	87
KISS1R	0	87	87	87
KLF16	0	87	87	87
L1CAM	87	0	87	87
LAGE3	87	0	87	87
LCA10	87	0	87	87
LINGO3	0	87	87	87
LMNB2	0	87	87	87
LPPR3	0	87	87	87
LRG1	0	87	87	87
LSM7	0	87	87	87
MADCAM1	0	87	87	87
MAGEA1	87	0	87	87
MAGEA12	87	0	87	87
MAGEA2	87	0	87	87
MAGEA2B	87	0	87	87
MAGEA3	87	0	87	87
MAGEA6	87	0	87	87
MAP2K2	0	87	87	87
MATK	0	87	87	87
MBD3	0	87	87	87
MECP2	87	0	87	87
MED16	0	87	87	87
MEX3D	0	87	87	87
MFSD12	0	87	87	87
MIDN	0	87	87	87
MIER2	0	87	87	87
MIR1227	0	87	87	87
MIR1909	0	87	87	87
MIR3187	0	87	87	87
MIR4321	0	87	87	87
MIR4745	0	87	87	87
MIR4746	0	87	87	87
MIR4747	0	87	87	87
MIR637	0	87	87	87
MIR718	87	0	87	87
MISP	0	87	87	87
MKNK2	0	87	87	87
MOB3A	0	87	87	87
MPND	0	87	87	87
MPP1	87	0	87	87
MRPL54	0	87	87	87
MTCP1	87	0	87	87
MUM1	0	87	87	87
NAA10	87	0	87	87
NCLN	0	87	87	87
NDUFS7	0	87	87	87
NFIC	0	87	87	87
NMRK2	0	87	87	87
NSDHL	87	0	87	87
OAZ1	0	87	87	87
ODF3L2	0	87	87	87
ONECUT3	0	87	87	87
OPN1LW	87	0	87	87
OPN1MW	87	0	87	87
OPN1MW2	87	0	87	87
OR4F17	0	87	87	87
PALM	0	87	87	87
PCSK4	0	87	87	87
PDZD4	87	0	87	87
PIAS4	0	87	87	87
PIP5K1C	0	87	87	87
PLEKHJ1	0	87	87	87
PLIN3	0	87	87	87
PLIN4	0	87	87	87
PLIN5	0	87	87	87
PLK5	0	87	87	87
PLXNA3	87	0	87	87
PLXNB3	87	0	87	87
PNCK	87	0	87	87
PNMA3	87	0	87	87
PNMA5	87	0	87	87
PNMA6A	87	0	87	87
PNMA6B	87	0	87	87
PNMA6C	87	0	87	87
PNMA6D	87	0	87	87
POLR2E	0	87	87	87
POLRMT	0	87	87	87
PPAP2C	0	87	87	87
PRSS57	0	87	87	87
PRTN3	0	87	87	87
PTBP1	0	87	87	87
PTPRS	0	87	87	87
R3HDM4	0	87	87	87
RAB39B	87	0	87	87
RAX2	0	87	87	87
REEP6	0	87	87	87
RENBP	87	0	87	87
REXO1	0	87	87	87
RN7SL121P	0	87	87	87
RN7SL190P	87	0	87	87
RN7SL202P	0	87	87	87
RN7SL226P	0	87	87	87
RN7SL477P	0	87	87	87
RN7SL528P	0	87	87	87
RN7SL626P	0	87	87	87
RN7SL667P	87	0	87	87
RN7SL687P	87	0	87	87
RN7SL697P	87	0	87	87
RN7SL742P	87	0	87	87
RN7SL84P	0	87	87	87
RN7SL866P	0	87	87	87
RNA5SP462	0	87	87	87
RNF126	0	87	87	87
RPL10	87	0	87	87
RPS15	0	87	87	87
S1PR4	0	87	87	87
SBNO2	0	87	87	87
SCAMP4	0	87	87	87
SEMA6B	0	87	87	87
SF3A2	0	87	87	87
SGTA	0	87	87	87
SH3GL1	0	87	87	87
SHC2	0	87	87	87
SHD	0	87	87	87
SIRT6	0	87	87	87
SLC10A3	87	0	87	87
SLC39A3	0	87	87	87
SLC6A8	87	0	87	87
SMIM9	87	0	87	87
SNORA36A	87	0	87	87
SNORA56	87	0	87	87
SPPL2B	0	87	87	87
SRPK3	87	0	87	87
SSR4	87	0	87	87
STAP2	0	87	87	87
STK11	0	87	87	87
TAZ	87	0	87	87
TBXA2R	0	87	87	87
TCF3	0	87	87	87
TEX28	87	0	87	87
TEX28P1	87	0	87	87
TEX28P2	87	0	87	87
THEG	0	87	87	87
THOP1	0	87	87	87
TICAM1	0	87	87	87
TIMM13	0	87	87	87
TJP3	0	87	87	87
TKTL1	87	0	87	87
TLE2	0	87	87	87
TLE6	0	87	87	87
TMEM187	87	0	87	87
TMEM259	0	87	87	87
TMIGD2	0	87	87	87
TMLHE	87	0	87	87
TMPRSS9	0	87	87	87
TNFAIP8L1	0	87	87	87
TPGS1	0	87	87	87
TREX2	87	0	87	87
UBL4A	87	0	87	87
UBXN6	0	87	87	87
UHRF1	0	87	87	87
VBP1	87	0	87	87
WASH5P	0	87	87	87
WDR18	0	87	87	87
ZBTB7A	0	87	87	87
ZFP92	87	0	87	87
ZFR2	0	87	87	87
ZNF185	87	0	87	87
ZNF275	87	0	87	87
ZNF554	0	87	87	87
ZNF555	0	87	87	87
ZNF556	0	87	87	87
ZNF57	0	87	87	87
ZNF77	0	87	87	87
ABCA11P	0	85	85	85
ABLIM2	0	85	85	85
ACOX3	0	85	85	85
ADD1	0	85	85	85
ADRA2C	0	85	85	85
AFAP1	0	85	85	85
ANAPC4	0	85	85	85
ATP5I	0	85	85	85
BLOC1S4	0	85	85	85
BOD1L1	0	85	85	85
BST1	0	85	85	85
C1QTNF7	0	85	85	85
C4orf48	0	85	85	85
C4orf50	0	85	85	85
C4orf6	0	85	85	85
CC2D2A	0	85	85	85
CCDC149	0	85	85	85
CCDC96	0	85	85	85
CCKAR	0	85	85	85
CD38	0	85	85	85
CLNK	0	85	85	85
CLRN2	0	85	85	85
CPEB2	0	85	85	85
CPLX1	0	85	85	85
CPZ	0	85	85	85
CRIPAK	0	85	85	85
CRMP1	0	85	85	85
CTBP1	0	85	85	85
CYTL1	0	85	85	85
DCAF16	0	85	85	85
DEFB131	0	85	85	85
DGKQ	0	85	85	85
DHX15	0	85	85	85
DOK7	0	85	85	85
DRD5	0	85	85	85
EVC	0	85	85	85
EVC2	0	85	85	85
FAM184B	0	85	85	85
FAM193A	0	85	85	85
FAM200B	0	85	85	85
FAM53A	0	85	85	85
FAM86EP	0	85	85	85
FAM90A26	0	85	85	85
FBXL5	0	85	85	85
FGFBP1	0	85	85	85
FGFBP2	0	85	85	85
FGFR3	0	85	85	85
FGFRL1	0	85	85	85
GAK	0	85	85	85
GBA3	0	85	85	85
GPR125	0	85	85	85
GPR78	0	85	85	85
GRK4	0	85	85	85
GRPEL1	0	85	85	85
HAUS3	0	85	85	85
HGFAC	0	85	85	85
HMX1	0	85	85	85
HS3ST1	0	85	85	85
HSP90AB2P	0	85	85	85
HTRA3	0	85	85	85
HTT	0	85	85	85
IDUA	0	85	85	85
JAKMIP1	0	85	85	85
KCNIP4	0	85	85	85
KIAA0232	0	85	85	85
LAP3	0	85	85	85
LCORL	0	85	85	85
LDB2	0	85	85	85
LETM1	0	85	85	85
LGI2	0	85	85	85
LINC00504	0	85	85	85
LINC00955	0	85	85	85
LRPAP1	0	85	85	85
LYAR	0	85	85	85
MAEA	0	85	85	85
MAN2B2	0	85	85	85
MED28	0	85	85	85
MFSD10	0	85	85	85
MFSD7	0	85	85	85
MIR3138	0	85	85	85
MIR378D1	0	85	85	85
MIR4274	0	85	85	85
MIR4798	0	85	85	85
MIR4800	0	85	85	85
MIR5091	0	85	85	85
MIR548I2	0	85	85	85
MIR571	0	85	85	85
MIR572	0	85	85	85
MIR573	0	85	85	85
MIR943	0	85	85	85
MIR95	0	85	85	85
MRFAP1	0	85	85	85
MRFAP1L1	0	85	85	85
MSANTD1	0	85	85	85
MSX1	0	85	85	85
MXD4	0	85	85	85
MYL5	0	85	85	85
NAT8L	0	85	85	85
NCAPG	0	85	85	85
NELFA	0	85	85	85
NOP14	0	85	85	85
NSG1	0	85	85	85
OTOP1	0	85	85	85
PACRGL	0	85	85	85
PCGF3	0	85	85	85
PDE6B	0	85	85	85
PI4K2B	0	85	85	85
PIGG	0	85	85	85
POLN	0	85	85	85
PPARGC1A	0	85	85	85
PPP2R2C	0	85	85	85
PROM1	0	85	85	85
PSAPL1	0	85	85	85
QDPR	0	85	85	85
RAB28	0	85	85	85
RBPJ	0	85	85	85
RGS12	0	85	85	85
RN7SKP113	0	85	85	85
RN7SKP170	0	85	85	85
RN7SKP275	0	85	85	85
RN7SKP292	0	85	85	85
RN7SKP36	0	85	85	85
RN7SL101P	0	85	85	85
RN7SL16P	0	85	85	85
RN7SL315P	0	85	85	85
RN7SL358P	0	85	85	85
RN7SL589P	0	85	85	85
RN7SL671P	0	85	85	85
RNA5SP152	0	85	85	85
RNA5SP153	0	85	85	85
RNA5SP154	0	85	85	85
RNA5SP155	0	85	85	85
RNA5SP156	0	85	85	85
RNA5SP157	0	85	85	85
RNF212	0	85	85	85
RNF4	0	85	85	85
S100P	0	85	85	85
SCARNA22	0	85	85	85
SEL1L3	0	85	85	85
SEPSECS	0	85	85	85
SH3BP2	0	85	85	85
SH3TC1	0	85	85	85
SLBP	0	85	85	85
SLC26A1	0	85	85	85
SLC2A9	0	85	85	85
SLC34A2	0	85	85	85
SLIT2	0	85	85	85
SMIM20	0	85	85	85
SOD3	0	85	85	85
SORCS2	0	85	85	85
SPON2	0	85	85	85
STIM2	0	85	85	85
STK32B	0	85	85	85
STX18	0	85	85	85
TACC3	0	85	85	85
TADA2B	0	85	85	85
TAPT1	0	85	85	85
TBC1D14	0	85	85	85
TBC1D19	0	85	85	85
TMED11P	0	85	85	85
TMEM128	0	85	85	85
TMEM129	0	85	85	85
TMEM175	0	85	85	85
TNIP2	0	85	85	85
TRMT44	0	85	85	85
USP17L10	0	85	85	85
USP17L11	0	85	85	85
USP17L12	0	85	85	85
USP17L13	0	85	85	85
USP17L15	0	85	85	85
USP17L17	0	85	85	85
USP17L18	0	85	85	85
USP17L19	0	85	85	85
USP17L20	0	85	85	85
USP17L21	0	85	85	85
USP17L22	0	85	85	85
USP17L23	0	85	85	85
USP17L24	0	85	85	85
USP17L25	0	85	85	85
USP17L26	0	85	85	85
USP17L27	0	85	85	85
USP17L28	0	85	85	85
USP17L29	0	85	85	85
USP17L30	0	85	85	85
USP17L5	0	85	85	85
UVSSA	0	85	85	85
WDR1	0	85	85	85
WFS1	0	85	85	85
WHSC1	0	85	85	85
ZBTB49	0	85	85	85
ZCCHC4	0	85	85	85
ZEB2P1	0	85	85	85
ZFYVE28	0	85	85	85
ZNF141	0	85	85	85
ZNF518B	0	85	85	85
ZNF595	0	85	85	85
ZNF718	0	85	85	85
ZNF721	0	85	85	85
ZNF732	0	85	85	85
ZNF876P	0	85	85	85
ACR	0	83	83	83
ADM2	0	83	83	83
ALG12	0	83	83	83
ARHGAP8	0	83	83	83
ARSA	0	83	83	83
ATXN10	0	83	83	83
BRD1	0	83	83	83
C22orf26	0	83	83	83
C22orf34	0	83	83	83
CDPF1	0	83	83	83
CELSR1	0	83	83	83
CERK	0	83	83	83
CHKB	0	83	83	83
CPT1B	0	83	83	83
CRELD2	0	83	83	83
DENND6B	0	83	83	83
FAM118A	0	83	83	83
FAM19A5	0	83	83	83
FBLN1	0	83	83	83
FLJ27365	0	83	83	83
GRAMD4	0	83	83	83
GTSE1	0	83	83	83
HDAC10	0	83	83	83
IL17REL	0	83	83	83
KIAA0930	0	83	83	83
KIAA1644	0	83	83	83
KLHDC7B	0	83	83	83
LDOC1L	0	83	83	83
LINC00207	0	83	83	83
LINC00229	0	83	83	83
LINC00898	0	83	83	83
LINC00899	0	83	83	83
LMF2	0	83	83	83
MAPK11	0	83	83	83
MAPK12	0	83	83	83
MAPK8IP2	0	83	83	83
MIOX	0	83	83	83
MIR1249	0	83	83	83
MIR3201	0	83	83	83
MIR3619	0	83	83	83
MIR3667	0	83	83	83
MIR4535	0	83	83	83
MIR4762	0	83	83	83
MIR4763	0	83	83	83
MIRLET7A3	0	83	83	83
MIRLET7B	0	83	83	83
MLC1	0	83	83	83
MOV10L1	0	83	83	83
NCAPH2	0	83	83	83
NUP50	0	83	83	83
ODF3B	0	83	83	83
PANX2	0	83	83	83
PARVB	0	83	83	83
PARVG	0	83	83	83
PHF21B	0	83	83	83
PIM3	0	83	83	83
PKDREJ	0	83	83	83
PLXNB2	0	83	83	83
PNPLA3	0	83	83	83
PNPLA5	0	83	83	83
PPARA	0	83	83	83
PPP6R2	0	83	83	83
PRR5	0	83	83	83
RABL2B	0	83	83	83
RIBC2	0	83	83	83
RN7SKP252	0	83	83	83
RN7SL500P	0	83	83	83
SAMM50	0	83	83	83
SBF1	0	83	83	83
SCO2	0	83	83	83
SHANK3	0	83	83	83
SMC1B	0	83	83	83
SULT4A1	0	83	83	83
SYCE3	0	83	83	83
TBC1D22A	0	83	83	83
TRABD	0	83	83	83
TRMU	0	83	83	83
TTC38	0	83	83	83
TTLL8	0	83	83	83
TUBGCP6	0	83	83	83
TYMP	0	83	83	83
UPK3A	0	83	83	83
WNT7B	0	83	83	83
ZBED4	0	83	83	83
ABHD2	0	79	79	79
ACAN	0	79	79	79
AEN	0	79	79	79
ANPEP	0	79	79	79
AP3S2	0	79	79	79
ARRDC4	0	79	79	79
BLM	0	79	79	79
C15orf32	0	79	79	79
C15orf38	0	79	79	79
CHD2	0	79	79	79
CIB1	0	79	79	79
CRTC3	0	79	79	79
DET1	0	79	79	79
FAM169B	0	79	79	79
FAM174B	0	79	79	79
FANCI	0	79	79	79
FES	0	79	79	79
FURIN	0	79	79	79
GABARAPL3	0	79	79	79
GDPGP1	0	79	79	79
HAPLN3	0	79	79	79
HDDC3	0	79	79	79
IDH2	0	79	79	79
IGF1R	0	79	79	79
IQGAP1	0	79	79	79
ISG20	0	79	79	79
KIF7	0	79	79	79
LINC00052	0	79	79	79
LINC00923	0	79	79	79
LINC00924	0	79	79	79
LINC00925	0	79	79	79
LINC00928	0	79	79	79
LINC00930	0	79	79	79
LRRC28	0	79	79	79
MAN2A2	0	79	79	79
MCTP2	0	79	79	79
MESP1	0	79	79	79
MESP2	0	79	79	79
MFGE8	0	79	79	79
MIR1179	0	79	79	79
MIR1469	0	79	79	79
MIR3174	0	79	79	79
MIR3175	0	79	79	79
MIR4714	0	79	79	79
MIR5009	0	79	79	79
MIR5094	0	79	79	79
MRPL46	0	79	79	79
MRPS11	0	79	79	79
NGRN	0	79	79	79
NR2F2	0	79	79	79
NTRK3	0	79	79	79
PEX11A	0	79	79	79
PGPEP1L	0	79	79	79
PLIN1	0	79	79	79
POLG	0	79	79	79
PRC1	0	79	79	79
RCCD1	0	79	79	79
RGMA	0	79	79	79
RHCG	0	79	79	79
RLBP1	0	79	79	79
RN7SKP181	0	79	79	79
RN7SKP254	0	79	79	79
RN7SL162P	0	79	79	79
RN7SL346P	0	79	79	79
RN7SL363P	0	79	79	79
RN7SL599P	0	79	79	79
RN7SL677P	0	79	79	79
RN7SL736P	0	79	79	79
RN7SL755P	0	79	79	79
RN7SL757P	0	79	79	79
RNA5SP401	0	79	79	79
SEMA4B	0	79	79	79
SLCO3A1	0	79	79	79
SPATA8	0	79	79	79
ST8SIA2	0	79	79	79
SV2B	0	79	79	79
SYNM	0	79	79	79
TICRR	0	79	79	79
TTC23	0	79	79	79
TTC28	0	79	79	79
TTLL13	0	79	79	79
UNC45A	0	79	79	79
VPS33B	0	79	79	79
WDR93	0	79	79	79
ZNF710	0	79	79	79
ZNF774	0	79	79	79
MIR920	0	78	78	78
SOX5	0	78	78	78
DLG2	0	77	77	77
TMEM126B	0	77	77	77
[TNFSF10]	77	0	77	77
FOXP1	0	73	73	73
MIR1284	0	73	73	73
AKR1C1	72	0	72	72
AKR1C2	72	0	72	72
AKR1C3	72	0	72	72
AKAP8	69	0	69	69
AKAP8L	69	0	69	69
BRD4	69	0	69	69
MIR1470	69	0	69	69
PGLYRP2	69	0	69	69
RASAL3	69	0	69	69
WIZ	69	0	69	69
CTAGE15	0	68	68	34
GATS	0	68	68	34
MUC3A	0	68	68	34
POLR2J2	0	68	68	34
ABCC4	67	0	67	67
ABHD13	67	0	67	67
ADPRHL1	67	0	67	67
ANKRD10	67	0	67	67
ARGLU1	67	0	67	67
ARHGEF7	67	0	67	67
ATP11A	67	0	67	67
ATP4B	67	0	67	67
C13orf35	67	0	67	67
CARKD	67	0	67	67
CARS2	67	0	67	67
CDC16	67	0	67	67
CHAMP1	67	0	67	67
CLDN10	67	0	67	67
COL4A1	67	0	67	67
COL4A2	67	0	67	67
CUL4A	67	0	67	67
DAOA	67	0	67	67
DCT	67	0	67	67
DCUN1D2	67	0	67	67
DNAJC3	67	0	67	67
DZIP1	67	0	67	67
EFNB2	67	0	67	67
F10	67	0	67	67
F7	67	0	67	67
FAM155A	67	0	67	67
GAS6	67	0	67	67
GPC3	0	67	67	67
GPC5	67	0	67	67
GPC6	67	0	67	67
GPR180	67	0	67	67
GRK1	67	0	67	67
GRTP1	67	0	67	67
HS6ST3	67	0	67	67
ING1	67	0	67	67
IRS2	67	0	67	67
LAMP1	67	0	67	67
LIG4	67	0	67	67
LINC00343	67	0	67	67
LINC00344	67	0	67	67
LINC00346	67	0	67	67
LINC00353	67	0	67	67
LINC00354	67	0	67	67
LINC00359	67	0	67	67
LINC00379	67	0	67	67
LINC00391	67	0	67	67
LINC00403	67	0	67	67
LINC00404	67	0	67	67
LINC00410	67	0	67	67
LINC00440	67	0	67	67
LINC00443	67	0	67	67
LINC00452	67	0	67	67
LINC00453	67	0	67	67
LINC00454	67	0	67	67
LINC00460	67	0	67	67
LINC00551	67	0	67	67
LINC00557	67	0	67	67
LINC00559	67	0	67	67
LINC00565	67	0	67	67
LINC00567	67	0	67	67
LINC00676	67	0	67	67
MBNL2	67	0	67	67
MCF2L	67	0	67	67
MIR106A	0	67	67	67
MIR1267	67	0	67	67
MIR17HG	67	0	67	67
MIR18B	0	67	67	67
MIR19B2	0	67	67	67
MIR20B	0	67	67	67
MIR363	0	67	67	67
MIR4502	67	0	67	67
MIR548AR	67	0	67	67
MIR548AS	67	0	67	67
MIR622	67	0	67	67
MIR92A2	0	67	67	67
MYO16	67	0	67	67
OXGR1	67	0	67	67
PCID2	67	0	67	67
PROZ	67	0	67	67
RAB20	67	0	67	67
RAP2A	67	0	67	67
RASA3	67	0	67	67
RN7SKP10	67	0	67	67
RN7SKP7	67	0	67	67
RN7SL164P	67	0	67	67
RN7SL585P	67	0	67	67
RN7SL783P	67	0	67	67
RNA5SP34	67	0	67	67
RNA5SP35	67	0	67	67
RNA5SP36	67	0	67	67
RNA5SP37	67	0	67	67
RNA5SP38	67	0	67	67
RNA5SP39	67	0	67	67
RNU4ATAC3P	67	0	67	67
RNY3P8	67	0	67	67
RNY4P27	67	0	67	67
SNORD22	67	0	67	67
SNORD31	67	0	67	67
SNORD44	67	0	67	67
SOX1	67	0	67	67
SOX21	67	0	67	67
SPACA7	67	0	67	67
TEX29	67	0	67	67
TFDP1	67	0	67	67
TGDS	67	0	67	67
TMCO3	67	0	67	67
TMEM255B	67	0	67	67
TNFSF13B	67	0	67	67
TUBGCP3	67	0	67	67
UGGT2	67	0	67	67
UPF3A	67	0	67	67
[RN7SL140P]	65	0	65	65
AOX2P	64	0	64	64
ACKR3	0	62	62	62
AGAP1	0	62	62	62
AGXT	0	62	62	62
ANKMY1	0	62	62	62
ANO7	0	62	62	62
AQP12A	0	62	62	62
AQP12B	0	62	62	62
ARL4C	0	62	62	62
ASB1	0	62	62	62
ASB18	0	62	62	62
ATG4B	0	62	62	62
BOK	0	62	62	62
C2orf54	0	62	62	62
CAPN10	0	62	62	62
COL6A3	0	62	62	62
COPS8	0	62	62	62
CXXC11	0	62	62	62
D2HGDH	0	62	62	62
DTYMK	0	62	62	62
DUSP28	0	62	62	62
ESPNL	0	62	62	62
FAM132B	0	62	62	62
FARP2	0	62	62	62
GAL3ST2	0	62	62	62
GBX2	0	62	62	62
GPC1	0	62	62	62
GPR35	0	62	62	62
HDAC4	0	62	62	62
HDLBP	0	62	62	62
HES6	0	62	62	62
ILKAP	0	62	62	62
ING5	0	62	62	62
IQCA1	0	62	62	62
KIF1A	0	62	62	62
KLHL30	0	62	62	62
LRRFIP1	0	62	62	62
MIR149	0	62	62	62
MIR2467	0	62	62	62
MIR3133	0	62	62	62
MIR4269	0	62	62	62
MIR4440	0	62	62	62
MIR4441	0	62	62	62
MIR4786	0	62	62	62
MLPH	0	62	62	62
MTERFD2	0	62	62	62
MYEOV2	0	62	62	62
NDUFA10	0	62	62	62
NEU4	0	62	62	62
OR6B2	0	62	62	62
OR6B3	0	62	62	62
OTOS	0	62	62	62
PASK	0	62	62	62
PDCD1	0	62	62	62
PER2	0	62	62	62
PPP1R7	0	62	62	62
PRLH	0	62	62	62
PRR21	0	62	62	62
RAB17	0	62	62	62
RAMP1	0	62	62	62
RBM44	0	62	62	62
RN7SL204P	0	62	62	62
RNA5SP122	0	62	62	62
RNPEPL1	0	62	62	62
SCLY	0	62	62	62
SEPT2	0	62	62	62
SH3BP4	0	62	62	62
SNED1	0	62	62	62
STK25	0	62	62	62
THAP4	0	62	62	62
TRAF3IP1	0	62	62	62
TWIST2	0	62	62	62
UBE2F	0	62	62	62
AACS	0	59	59	59
ABCB9	0	59	59	59
ANHX	0	59	59	59
ANKLE2	0	59	59	59
ARL6IP4	0	59	59	59
ATP6V0A2	0	59	59	59
B3GNT4	0	59	59	59
BCL7A	0	59	59	59
BRI3BP	0	59	59	59
C12orf65	0	59	59	59
CCDC62	0	59	59	59
CCDC92	0	59	59	59
CDK2AP1	0	59	59	59
CHFR	0	59	59	59
CLIP1	0	59	59	59
DDX51	0	59	59	59
DDX55	0	59	59	59
DENR	0	59	59	59
DHX37	0	59	59	59
DIABLO	0	59	59	59
DNAH10	0	59	59	59
DNAH10OS	0	59	59	59
EIF2B1	0	59	59	59
EP400	0	59	59	59
EP400NL	0	59	59	59
FAM101A	0	59	59	59
FBRSL1	0	59	59	59
FZD10	0	59	59	59
GALNT9	0	59	59	59
GLT1D1	0	59	59	59
GOLGA3	0	59	59	59
GPR133	0	59	59	59
GTF2H3	0	59	59	59
HCAR1	0	59	59	59
HCAR2	0	59	59	59
HCAR3	0	59	59	59
HIP1R	0	59	59	59
IL31	0	59	59	59
KNTC1	0	59	59	59
LINC00507	0	59	59	59
LINC00508	0	59	59	59
LINC00939	0	59	59	59
LINC00943	0	59	59	59
LINC00944	0	59	59	59
LRCOL1	0	59	59	59
LRRC43	0	59	59	59
MIR3612	0	59	59	59
MIR3908	0	59	59	59
MIR4304	0	59	59	59
MIR4419B	0	59	59	59
MIR5188	0	59	59	59
MLXIP	0	59	59	59
MMP17	0	59	59	59
MPHOSPH9	0	59	59	59
MUC8	0	59	59	59
NCOR2	0	59	59	59
NOC4L	0	59	59	59
OGFOD2	0	59	59	59
P2RX2	0	59	59	59
PGAM5	0	59	59	59
PITPNM2	0	59	59	59
PIWIL1	0	59	59	59
POLE	0	59	59	59
PUS1	0	59	59	59
PXMP2	0	59	59	59
RAN	0	59	59	59
RILPL1	0	59	59	59
RILPL2	0	59	59	59
RIMBP2	0	59	59	59
RN7SL133P	0	59	59	59
RN7SL534P	0	59	59	59
RNA5SP375	0	59	59	59
RNA5SP376	0	59	59	59
RNA5SP377	0	59	59	59
RNA5SP378	0	59	59	59
RNA5SP379	0	59	59	59
RNU4ATAC12P	0	59	59	59
RPL22P19	0	59	59	59
RSRC2	0	59	59	59
SBNO1	0	59	59	59
SCARB1	0	59	59	59
SETD8	0	59	59	59
SFSWAP	0	59	59	59
SLC15A4	0	59	59	59
SNORA49	0	59	59	59
SNRNP35	0	59	59	59
STX2	0	59	59	59
TCTN2	0	59	59	59
TMED2	0	59	59	59
TMEM132B	0	59	59	59
TMEM132C	0	59	59	59
TMEM132D	0	59	59	59
UBC	0	59	59	59
ULK1	0	59	59	59
VPS33A	0	59	59	59
VPS37B	0	59	59	59
ZCCHC8	0	59	59	59
ZNF10	0	59	59	59
ZNF140	0	59	59	59
ZNF26	0	59	59	59
ZNF268	0	59	59	59
ZNF605	0	59	59	59
ZNF664	0	59	59	59
ZNF84	0	59	59	59
ZNF891	0	59	59	59
CCND1	57	0	57	57
ORAOV1	57	0	57	57
KLB	54	0	54	54
LIAS	54	0	54	54
MIR5591	54	0	54	54
RFC1	54	0	54	54
RPL9	54	0	54	54
SMIM14	54	0	54	54
UGDH	54	0	54	54
LRP1B	0	52	52	52
RN7SL283P	0	52	52	52
[RXRA]	47	0	47	47
AKAP10	46	0	46	46
ALDH3A1	46	0	46	46
ALDH3A2	46	0	46	46
B9D1	46	0	46	46
CCDC144CP	46	0	46	46
EPN2	46	0	46	46
FAM83G	46	0	46	46
GRAP	46	0	46	46
GRAPL	46	0	46	46
MAPK7	46	0	46	46
MFAP4	46	0	46	46
MIR1180	46	0	46	46
RN7SL17P	46	0	46	46
RNF112	46	0	46	46
SLC47A1	46	0	46	46
SLC47A2	46	0	46	46
SLC5A10	46	0	46	46
SNORA59B	46	0	46	46
SNORD3A	46	0	46	46
SNORD3C	46	0	46	46
SNORD3D	46	0	46	46
SPECC1	46	0	46	46
ULK2	46	0	46	46
AASS	0	34	34	34
ABCB8	0	34	34	34
ABCF2	0	34	34	34
ACHE	0	34	34	34
ACTL6B	0	34	34	34
ACTR3B	0	34	34	34
ACTR3C	0	34	34	34
ADCK2	0	34	34	34
AGAP3	0	34	34	34
AGBL3	0	34	34	34
AGFG2	0	34	34	34
AGK	0	34	34	34
AHCYL2	0	34	34	34
AKR1B1	0	34	34	34
AKR1B10	0	34	34	34
AKR1B15	0	34	34	34
AKR1D1	0	34	34	34
ALKBH4	0	34	34	34
ANKRD7	0	34	34	34
AOC1	0	34	34	34
AP1S1	0	34	34	34
AP4M1	0	34	34	34
ARF5	0	34	34	34
ARHGEF35	0	34	34	34
ARHGEF5	0	34	34	34
ARMC10	0	34	34	34
ASB10	0	34	34	34
ASB15	0	34	34	34
ASIC3	0	34	34	34
ASZ1	0	34	34	34
ATG9B	0	34	34	34
ATP6V0A4	0	34	34	34
ATP6V0E2	0	34	34	34
ATP6V1F	0	34	34	34
ATXN7L1	0	34	34	34
BCAP29	0	34	34	34
BLACE	0	34	34	34
BPGM	0	34	34	34
BRAF	0	34	34	34
C7orf13	0	34	34	34
C7orf33	0	34	34	34
C7orf34	0	34	34	34
C7orf43	0	34	34	34
C7orf49	0	34	34	34
C7orf55	0	34	34	34
C7orf60	0	34	34	34
C7orf61	0	34	34	34
C7orf66	0	34	34	34
C7orf73	0	34	34	34
CADPS2	0	34	34	34
CALD1	0	34	34	34
CALU	0	34	34	34
CASP2	0	34	34	34
CAV1	0	34	34	34
CAV2	0	34	34	34
CBLL1	0	34	34	34
CCDC136	0	34	34	34
CCDC71L	0	34	34	34
CDHR3	0	34	34	34
CDK5	0	34	34	34
CEP41	0	34	34	34
CFTR	0	34	34	34
CHCHD3	0	34	34	34
CHPF2	0	34	34	34
CHRM2	0	34	34	34
CLCN1	0	34	34	34
CLDN15	0	34	34	34
CLEC2L	0	34	34	34
CLEC5A	0	34	34	34
CNOT4	0	34	34	34
CNPY1	0	34	34	34
CNPY4	0	34	34	34
CNTNAP2	0	34	34	34
COG5	0	34	34	34
COL26A1	0	34	34	34
COPG2	0	34	34	34
COPS6	0	34	34	34
CPA1	0	34	34	34
CPA2	0	34	34	34
CPA4	0	34	34	34
CPA5	0	34	34	34
CPED1	0	34	34	34
CREB3L2	0	34	34	34
CRYGN	0	34	34	34
CTAGE4	0	34	34	34
CTAGE6	0	34	34	34
CTAGE8	0	34	34	34
CTTNBP2	0	34	34	34
CUL1	0	34	34	34
CUX1	0	34	34	34
DENND2A	0	34	34	34
DGKI	0	34	34	34
DLD	0	34	34	34
DNAJB6	0	34	34	34
DNAJB9	0	34	34	34
DNAJC2	0	34	34	34
DOCK4	0	34	34	34
DPP6	0	34	34	34
DPY19L2P2	0	34	34	34
DUS4L	0	34	34	34
EFCAB10	0	34	34	34
EN2	0	34	34	34
EPHA1	0	34	34	34
EPHB4	0	34	34	34
EPHB6	0	34	34	34
EPO	0	34	34	34
ESYT2	0	34	34	34
EXOC4	0	34	34	34
EZH2	0	34	34	34
FABP5P3	0	34	34	34
FAM115A	0	34	34	34
FAM115C	0	34	34	34
FAM131B	0	34	34	34
FAM180A	0	34	34	34
FAM185A	0	34	34	34
FAM3C	0	34	34	34
FAM71F1	0	34	34	34
FAM71F2	0	34	34	34
FASTK	0	34	34	34
FBXL13	0	34	34	34
FBXO24	0	34	34	34
FEZF1	0	34	34	34
FIS1	0	34	34	34
FLJ00325	0	34	34	34
FLNC	0	34	34	34
FOXP2	0	34	34	34
FSCN3	0	34	34	34
GAL3ST4	0	34	34	34
GALNT11	0	34	34	34
GALNTL5	0	34	34	34
GBX1	0	34	34	34
GCC1	0	34	34	34
GIGYF1	0	34	34	34
GIMAP1	0	34	34	34
GIMAP2	0	34	34	34
GIMAP4	0	34	34	34
GIMAP5	0	34	34	34
GIMAP6	0	34	34	34
GIMAP7	0	34	34	34
GIMAP8	0	34	34	34
GNB2	0	34	34	34
GPC2	0	34	34	34
GPR22	0	34	34	34
GPR37	0	34	34	34
GPR85	0	34	34	34
GRM8	0	34	34	34
GSTK1	0	34	34	34
HBP1	0	34	34	34
HILPDA	0	34	34	34
HIPK2	0	34	34	34
HTR5A	0	34	34	34
HYAL4	0	34	34	34
IFRD1	0	34	34	34
IMMP2L	0	34	34	34
IMPDH1	0	34	34	34
ING3	0	34	34	34
INSIG1	0	34	34	34
IQCA1P1	0	34	34	34
IQUB	0	34	34	34
IRF5	0	34	34	34
JHDM1D	0	34	34	34
KCND2	0	34	34	34
KCNH2	0	34	34	34
KCP	0	34	34	34
KEL	0	34	34	34
KIAA1147	0	34	34	34
KIAA1549	0	34	34	34
KLF14	0	34	34	34
KLHDC10	0	34	34	34
KLRG2	0	34	34	34
KMT2C	0	34	34	34
KMT2E	0	34	34	34
KRBA1	0	34	34	34
LAMB1	0	34	34	34
LAMB4	0	34	34	34
LAMTOR4	0	34	34	34
LEP	0	34	34	34
LHFPL3	0	34	34	34
LINC00689	0	34	34	34
LMBR1	0	34	34	34
LMOD2	0	34	34	34
LRCH4	0	34	34	34
LRGUK	0	34	34	34
LRRC17	0	34	34	34
LRRC4	0	34	34	34
LRRC61	0	34	34	34
LRRN3	0	34	34	34
LRWD1	0	34	34	34
LSMEM1	0	34	34	34
LUC7L2	0	34	34	34
LUZP6	0	34	34	34
MBLAC1	0	34	34	34
MCM7	0	34	34	34
MDFIC	0	34	34	34
MEPCE	0	34	34	34
MEST	0	34	34	34
METTL2B	0	34	34	34
MGAM	0	34	34	34
MIR106B	0	34	34	34
MIR182	0	34	34	34
MIR183	0	34	34	34
MIR25	0	34	34	34
MIR29A	0	34	34	34
MIR29B1	0	34	34	34
MIR335	0	34	34	34
MIR3666	0	34	34	34
MIR3907	0	34	34	34
MIR4285	0	34	34	34
MIR4467	0	34	34	34
MIR4468	0	34	34	34
MIR4653	0	34	34	34
MIR4658	0	34	34	34
MIR490	0	34	34	34
MIR5090	0	34	34	34
MIR548F4	0	34	34	34
MIR548O	0	34	34	34
MIR5707	0	34	34	34
MIR592	0	34	34	34
MIR593	0	34	34	34
MIR595	0	34	34	34
MIR671	0	34	34	34
MIR93	0	34	34	34
MIR96	0	34	34	34
MKLN1	0	34	34	34
MKRN1	0	34	34	34
MNX1	0	34	34	34
MOGAT3	0	34	34	34
MOSPD3	0	34	34	34
MOXD2P	0	34	34	34
MRPS33	0	34	34	34
MTPN	0	34	34	34
MTRNR2L6	0	34	34	34
MUC12	0	34	34	34
MUC17	0	34	34	34
MYL10	0	34	34	34
NAA38	0	34	34	34
NAMPT	0	34	34	34
NAPEPLD	0	34	34	34
NAT16	0	34	34	34
NCAPG2	0	34	34	34
NDUFA5	0	34	34	34
NDUFB2	0	34	34	34
NOBOX	0	34	34	34
NOM1	0	34	34	34
NOS3	0	34	34	34
NRCAM	0	34	34	34
NRF1	0	34	34	34
NUB1	0	34	34	34
NUP205	0	34	34	34
NYAP1	0	34	34	34
OPN1SW	0	34	34	34
OR2A1	0	34	34	34
OR2A12	0	34	34	34
OR2A14	0	34	34	34
OR2A2	0	34	34	34
OR2A20P	0	34	34	34
OR2A25	0	34	34	34
OR2A42	0	34	34	34
OR2A5	0	34	34	34
OR2A7	0	34	34	34
OR2A9P	0	34	34	34
OR2F1	0	34	34	34
OR2F2	0	34	34	34
OR6B1	0	34	34	34
OR6V1	0	34	34	34
OR6W1P	0	34	34	34
OR9A1P	0	34	34	34
OR9A2	0	34	34	34
OR9A3P	0	34	34	34
OR9A4	0	34	34	34
ORAI2	0	34	34	34
ORC5	0	34	34	34
PARP12	0	34	34	34
PAX4	0	34	34	34
PAXIP1	0	34	34	34
PCOLCE	0	34	34	34
PDIA4	0	34	34	34
PIK3CG	0	34	34	34
PILRA	0	34	34	34
PILRB	0	34	34	34
PIP	0	34	34	34
PLOD3	0	34	34	34
PLXNA4	0	34	34	34
PMPCB	0	34	34	34
PNPLA8	0	34	34	34
PODXL	0	34	34	34
POLR2J	0	34	34	34
POLR2J3	0	34	34	34
POP7	0	34	34	34
POT1	0	34	34	34
PPP1R35	0	34	34	34
PPP1R3A	0	34	34	34
PRKAG2	0	34	34	34
PRKAR2B	0	34	34	34
PRKRIP1	0	34	34	34
PRRT4	0	34	34	34
PRSS1	0	34	34	34
PRSS37	0	34	34	34
PRSS3P2	0	34	34	34
PRSS3P3	0	34	34	34
PRSS58	0	34	34	34
PSMC2	0	34	34	34
PTN	0	34	34	34
PTPRN2	0	34	34	34
PTPRZ1	0	34	34	34
PUS7	0	34	34	34
PVRIG	0	34	34	34
RAB19	0	34	34	34
RABL5	0	34	34	34
RARRES2	0	34	34	34
RASA4	0	34	34	34
RASA4B	0	34	34	34
RBM28	0	34	34	34
RBM33	0	34	34	34
RELN	0	34	34	34
REPIN1	0	34	34	34
RHEB	0	34	34	34
RINT1	0	34	34	34
RN7SKP174	0	34	34	34
RN7SKP187	0	34	34	34
RN7SKP198	0	34	34	34
RN7SKP223	0	34	34	34
RN7SKP277	0	34	34	34
RN7SKP280	0	34	34	34
RN7SKP54	0	34	34	34
RN7SKP86	0	34	34	34
RN7SL142P	0	34	34	34
RN7SL161P	0	34	34	34
RN7SL207P	0	34	34	34
RN7SL306P	0	34	34	34
RN7SL416P	0	34	34	34
RN7SL456P	0	34	34	34
RN7SL481P	0	34	34	34
RN7SL521P	0	34	34	34
RN7SL535P	0	34	34	34
RN7SL549P	0	34	34	34
RN7SL569P	0	34	34	34
RN7SL72P	0	34	34	34
RN7SL750P	0	34	34	34
RN7SL76P	0	34	34	34
RN7SL771P	0	34	34	34
RN7SL811P	0	34	34	34
RN7SL81P	0	34	34	34
RN7SL845P	0	34	34	34
RN7SL8P	0	34	34	34
RNA5SP236	0	34	34	34
RNA5SP237	0	34	34	34
RNA5SP238	0	34	34	34
RNA5SP240	0	34	34	34
RNA5SP241	0	34	34	34
RNA5SP242	0	34	34	34
RNA5SP243	0	34	34	34
RNA5SP244	0	34	34	34
RNA5SP245	0	34	34	34
RNA5SP246	0	34	34	34
RNA5SP247	0	34	34	34
RNA5SP248	0	34	34	34
RNA5SP249	0	34	34	34
RNA5SP250	0	34	34	34
RNF133	0	34	34	34
RNF148	0	34	34	34
RNF32	0	34	34	34
RNU6ATAC40P	0	34	34	34
RNY1	0	34	34	34
RNY3	0	34	34	34
RNY4	0	34	34	34
RNY5	0	34	34	34
SAP25	0	34	34	34
SERPINE1	0	34	34	34
SH2B2	0	34	34	34
SHH	0	34	34	34
SLC12A9	0	34	34	34
SLC13A1	0	34	34	34
SLC13A4	0	34	34	34
SLC26A3	0	34	34	34
SLC26A4	0	34	34	34
SLC26A5	0	34	34	34
SLC35B4	0	34	34	34
SLC37A3	0	34	34	34
SLC4A2	0	34	34	34
SMARCD3	0	34	34	34
SMKR1	0	34	34	34
SMO	0	34	34	34
SND1	0	34	34	34
SPAM1	0	34	34	34
SPDYE2	0	34	34	34
SPDYE2B	0	34	34	34
SPDYE3	0	34	34	34
SRPK2	0	34	34	34
SRRT	0	34	34	34
SSBP1	0	34	34	34
SSMEM1	0	34	34	34
SSPO	0	34	34	34
STAG3	0	34	34	34
STAG3L5P	0	34	34	34
STRA8	0	34	34	34
STRIP2	0	34	34	34
SVOPL	0	34	34	34
SYPL1	0	34	34	34
TAF6	0	34	34	34
TAS2R16	0	34	34	34
TAS2R3	0	34	34	34
TAS2R38	0	34	34	34
TAS2R39	0	34	34	34
TAS2R4	0	34	34	34
TAS2R40	0	34	34	34
TAS2R41	0	34	34	34
TAS2R5	0	34	34	34
TAS2R60	0	34	34	34
TBXAS1	0	34	34	34
TES	0	34	34	34
TFEC	0	34	34	34
TFR2	0	34	34	34
THAP5	0	34	34	34
TMEM139	0	34	34	34
TMEM140	0	34	34	34
TMEM168	0	34	34	34
TMEM176A	0	34	34	34
TMEM176B	0	34	34	34
TMEM178B	0	34	34	34
TMEM209	0	34	34	34
TMEM213	0	34	34	34
TMEM229A	0	34	34	34
TMUB1	0	34	34	34
TNPO3	0	34	34	34
TPK1	0	34	34	34
TRBC2	0	34	34	34
TRBV19	0	34	34	34
TRBV2	0	34	34	34
TRBV27	0	34	34	34
TRBV28	0	34	34	34
TRBV30	0	34	34	34
TRBV9	0	34	34	34
TRIM24	0	34	34	34
TRIM56	0	34	34	34
TRIP6	0	34	34	34
TRPV5	0	34	34	34
TRPV6	0	34	34	34
TSC22D4	0	34	34	34
TSGA13	0	34	34	34
TSPAN12	0	34	34	34
TSPAN33	0	34	34	34
TSRM	0	34	34	34
TTC26	0	34	34	34
UBE2H	0	34	34	34
UBE3C	0	34	34	34
UBN2	0	34	34	34
UFSP1	0	34	34	34
UPK3BL	0	34	34	34
VGF	0	34	34	34
VIPR2	0	34	34	34
WASL	0	34	34	34
WDR60	0	34	34	34
WDR86	0	34	34	34
WDR91	0	34	34	34
WEE2	0	34	34	34
WNT16	0	34	34	34
WNT2	0	34	34	34
XRCC2	0	34	34	34
ZAN	0	34	34	34
ZBED6CL	0	34	34	34
ZC3HAV1	0	34	34	34
ZC3HAV1L	0	34	34	34
ZC3HC1	0	34	34	34
ZCWPW1	0	34	34	34
ZKSCAN1	0	34	34	34
ZNF212	0	34	34	34
ZNF277	0	34	34	34
ZNF282	0	34	34	34
ZNF3	0	34	34	34
ZNF398	0	34	34	34
ZNF425	0	34	34	34
ZNF467	0	34	34	34
ZNF746	0	34	34	34
ZNF767	0	34	34	34
ZNF775	0	34	34	34
ZNF777	0	34	34	34
ZNF783	0	34	34	34
ZNF786	0	34	34	34
ZNF800	0	34	34	34
ZNF862	0	34	34	34
ZNHIT1	0	34	34	34
ZSCAN21	0	34	34	34
ZYX	0	34	34	34
snoZ185	0	34	34	34
FLRT3	0	29	29	29
MACROD2	0	29	29	29
RN7SL864P	0	29	29	29
RNA5SP475	0	29	29	29
